3 0.5770156532237681 0.6012399968351391 0.817393041387503 0.7816965326537737
3 0.10243621330947139 0.15547369528334382 0.15903888396087065 0.2675198606144387
1 0.9065519638035816 0.6458679282386668 0.09796560509226282 0.18274306733052798
2 0.7428597320782588 0.4979909673462264 0.2908195049793232 0.3079861479078998
1 0.5118589030120066 0.3813119319516819 0.21909715244730918 0.20100697241000381
2 0.3679562555440205 0.28186254737544403 0.1735116366622937 0.19473712504240898
1 0.24540569233337117 0.23078617541307792 0.146888952503779 0.13923116950744613
3 0.14843125277201025 0.14217259791574896 0.22367823663405884 0.22611609981466554
1 0.07282430801956467 0.12843996932996093 0.038925263083592454 0.07932540145127884
1 0.5206332054875509 0.2172767138028473 0.15911593671876362 0.134980179126093
3 0.5588682238328151 0.1436433286784553 0.4245574681476203 0.2872866573569106
1 0.29369054486538504 0.12462545545014483 0.10242632096198286 0.09869544954451306
1 0.20882969745386867 0.08236852278067275 0.09397678413027988 0.08748513103285878
1 0.18720459741151635 0.03868301016680102 0.06908319994353027 0.06166667549789594
1 0.9191162081183867 0.20258171970847907 0.14283848933548207 0.15000497840045357
1 0.7402624370011122 0.1409969228811892 0.13623987884037306 0.117028787293461
1 0.5351268869446424 0.08890617714235846 0.09764781570031093 0.0969692584375205
1 0.3803175605798135 0.0428546110777749 0.07587923151356132 0.07125993030721937
3 0.276304894766563 0.0277306411996598 0.15676521046687403 0.0554612823993196
1 0.9713612475809257 0.18906236753156083 0.03871243145709187 0.1292162740466171
1 0.8467021528002452 0.14741555927152558 0.13900085779368573 0.11088791469812276
1 0.6622886264212987 0.08758423540239371 0.11786931043863902 0.09611608656782163
1 0.47402976322476675 0.05361600708675812 0.09076077886860787 0.08581350362819709
1 0.3941826395048912 0.02575642423195158 0.07707771046687402 0.05151284846390316