1 0.6949128686699653 0.24105531353999146 0.05180469468185844 0.05922188730530316
1 0.7728411766189428 0.295722429995612 0.07182876834526439 0.08164245658477531
1 0.8181228555157857 0.24136989911679957 0.05180469468185826 0.05922188730530316
1 0.16191211091863184 0.40708977131190094 0.12041745776545083 0.13921091567683294
1 0.6924634318806147 0.2965013314866801 0.05749325256024882 0.07654577962517113
1 0.8760340660532467 0.2513837451184491 0.0582367052052021 0.06252874373179385
1 0.526868523959872 0.27402224089530697 0.06705026308359248 0.07994356426490726
1 0.7034548688111396 0.38899270836714195 0.08184080517696728 0.09285274122451134
1 0.8544783134929981 0.32688385029129857 0.06999325256024883 0.0769094924781526
1 0.7905684609609842 0.43325352223633773 0.08881884727034209 0.10553459765100222
1 0.6781524899707665 0.5020382776466141 0.11609397881213823 0.14532452335696497
1 0.904130432021789 0.4385283924528821 0.095159852532014 0.10727895407749273
1 0.9450277187829048 0.3523264680005604 0.0702662683452644 0.08159699247815269
1 0.6752516719925554 0.9669585839939625 0.17011507892507768 0.02834762351524951
1 0.582093621230214 0.16946512153669252 0.047117194681858265 0.0590854949854351