1 0.53125 0.6508495965945488 0.2203125 0.2572510680299077
1 0.33671875 0.003623344645137354 0.0390625 0.007246689290274708
1 0.2578125 0.1860625799650016 0.084375 0.105669292011454
1 0.3859375 0.027540460614275137 0.04375 0.04738407733927245
1 0.4421875 0.035479682606639126 0.0546875 0.06157384667409057
1 0.49296875 0.041920039266412176 0.0546875 0.05688634667409057
1 0.5140625 0.02606541663352425 0.0515625 0.0521308332670485
3 0.225 0.06469775198918232 0.13125 0.12939550397836463
1 0.32890625 0.11414157928868388 0.0671875 0.08203179734245411
2 0.60234375 0.10705359591823102 0.0796875 0.08530224801081769
1 0.13125 0.11097276798218263 0.0734375 0.09460452267663592
1 0.53984375 0.15778084926004882 0.078125 0.07590906667727224
1 0.609375 0.16165927991727652 0.0890625 0.09166133601209037
1 0.80859375 0.3109036598902323 0.13125 0.13277723201781733
1 0.9296875 0.33683835654046035 0.1359375 0.13126927601845367
1 0.99296875 0.43610201253186986 0.0140625 0.08922613200190899