2 0.21875 0.528125 0.12890625 0.19296875
3 0.15078125 0.36015625 0.22734375 0.221875
1 0.975 0.596875 0.05 0.16328125
2 0.78515625 0.49140625 0.20078125 0.23125
1 0.5484375 0.4296875 0.16171875 0.14453125
2 0.39296875 0.365625 0.11796875 0.14609375
1 0.26953125 0.34296875 0.10625 0.1015625
3 0.14921875 0.28203125 0.18203125 0.16875
1 0.0640625 0.28359375 0.06015625 0.0703125
2 0.825 0.41796875 0.21875 0.209375
1 0.54140625 0.346875 0.13125 0.1203125
1 0.259375 0.26875 0.0875 0.08671875
0 0.14296875 0.16953125 0.071875 0.10390625
1 0.97578125 0.203125 0.04765625 0.09609375
1 0.865625 0.2015625 0.125 0.09296875
1 0.7203125 0.18359375 0.11171875 0.08125
1 0.58671875 0.171875 0.09453125 0.071875
3 0.43359375 0.1296875 0.19296875 0.1296875
1 0.9578125 0.17578125 0.084375 0.07421875
1 0.82890625 0.1640625 0.11875 0.0703125
1 0.678125 0.15 0.096875 0.06875
1 0.56015625 0.13359375 0.08359375 0.06640625
1 0.35390625 0.134375 0.05078125 0.05390625
1 0.31171875 0.153125 0.06328125 0.05546875
1 0.28828125 0.13359375 0.05390625 0.040625
1 0.23984375 0.15 0.05078125 0.04609375
1 0.21484375 0.12890625 0.03984375 0.0390625
1 0.17265625 0.1484375 0.03671875 0.04296875