1 0.98046875 0.39140625 0.0390625 0.0671875
1 0.7484375 0.22578125 0.03125 0.040625
1 0.4953125 0.9484375 0.128125 0.103125
1 0.31796875 0.9484375 0.1390625 0.084375
1 0.1140625 0.91484375 0.1515625 0.1078125
1 0.5125 0.78515625 0.109375 0.1828125
1 0.36171875 0.77265625 0.1109375 0.175
1 0.20859375 0.78046875 0.1328125 0.2
1 0.0546875 0.796875 0.109375 0.190625
1 0.015625 0.7109375 0.03125 0.165625
1 0.41328125 0.603125 0.1 0.165625
1 0.2734375 0.64765625 0.096875 0.1453125
1 0.12421875 0.64296875 0.1234375 0.190625
1 0.3125 0.56171875 0.084375 0.11875
1 0.209375 0.54921875 0.0875 0.128125
1 0.33671875 0.49296875 0.0734375 0.1015625
1 0.26171875 0.471875 0.0734375 0.096875
1 0.3765625 0.4328125 0.0578125 0.0859375
1 0.28984375 0.41796875 0.059375 0.084375
1 0.37421875 0.38671875 0.0484375 0.078125
1 0.30859375 0.38046875 0.053125 0.075
1 0.33671875 0.34609375 0.046875 0.0671875
1 0.359375 0.3140625 0.0484375 0.0671875
3 0.40859375 0.31484375 0.084375 0.1625
3 0.11015625 0.49296875 0.2203125 0.3546875
3 0.2078125 0.35546875 0.1296875 0.2015625
3 0.27421875 0.2890625 0.0859375 0.1515625
3 0.3390625 0.234375 0.1015625 0.1453125
3 0.42734375 0.2546875 0.0625 0.0984375
1 0.70703125 0.21328125 0.025 0.034375
1 0.55234375 0.21484375 0.025 0.034375
0 0.94453125 0.409375 0.08125 0.1140625
1 0.72890625 0.2453125 0.03125 0.040625
1 0.6671875 0.275 0.0453125 0.0515625
1 0.6046875 0.23125 0.028125 0.0375
1 0.565625 0.24921875 0.03125 0.046875
1 0.82421875 0.38828125 0.059375 0.071875