1 0.42265625 0.7658269591585648 0.13125 0.2553814849563052
1 0.57421875 0.15829194081616468 0.0390625 0.05426160266556703
2 0.2578125 0.7839046724072576 0.159375 0.27807483887551354
1 0.53671875 0.16250807937510903 0.0421875 0.06216503087881238
2 0.50390625 0.15486907561418534 0.0453125 0.07475595909205772
1 0.46875 0.16761076801319566 0.040625 0.05899456677218975
1 0.209375 0.35172030971256074 0.0953125 0.11683581050398359
3 0.6796875 0.1513168636191337 0.0578125 0.09855717194503918
1 0.765625 0.18709758775488625 0.05 0.06551735141192579
1 0.3484375 0.2429865042231421 0.0625 0.08463106426490725
1 0.74375 0.2361715852476038 0.053125 0.07342077962517113
1 0.6984375 0.2796775443396616 0.0515625 0.07650031551854841
1 0.41796875 0.1722133514784328 0.0453125 0.06225595909205772
1 0.3390625 0.20107178886287821 0.0578125 0.0688696719450392
1 0.82578125 0.465815969649913 0.096875 0.1371937746106063
1 0.40703125 0.14753160022479156 0.0390625 0.05269910266556703
1 0.7734375 0.7907765172217728 0.171875 0.2675010517284949