1 0.52578125 0.16171875 0.05703125 0.04296875
2 0.48359375 0.1484375 0.06875 0.06328125
1 0.4328125 0.17890625 0.07890625 0.05703125
2 0.38984375 0.1703125 0.06796875 0.0609375
1 0.3484375 0.20390625 0.07421875 0.059375
1 0.29296875 0.196875 0.06796875 0.05546875
1 0.26171875 0.2234375 0.075 0.0515625
1 0.2078125 0.22421875 0.0625 0.04453125
1 0.09765625 0.25859375 0.08359375 0.059375
0 0.6671875 0.25859375 0.07734375 0.11484375
1 0.81328125 0.6140625 0.18359375 0.21640625
1 0.70234375 0.45 0.06796875 0.1390625
1 0.74140625 0.33203125 0.05859375 0.1015625
1 0.7671875 0.28046875 0.05625 0.090625
1 0.7984375 0.2296875 0.05 0.071875
1 0.8171875 0.2 0.05 0.06875
1 0.828125 0.17578125 0.040625 0.059375
1 0.73203125 0.78671875 0.24609375 0.24453125
1 0.9328125 0.96171875 0.134375 0.07578125
1 0.275 0.2640625 0.08671875 0.0703125
1 0.38046875 0.77890625 0.22890625 0.16484375
3 0.63203125 0.1453125 0.17734375 0.08125
1 0.046875 0.81328125 0.09140625 0.1390625