0 0.58515625 0.653125 0.27890625 0.25
1 0.36875 0.20703125 0.07109375 0.059375
1 0.96875 0.278125 0.0625 0.065625
1 0.971875 0.31953125 0.05625 0.0796875
2 0.325 0.2234375 0.08984375 0.0796875
1 0.46640625 0.228125 0.103125 0.071875
1 0.82265625 0.24609375 0.1125 0.0890625
1 0.42890625 0.25 0.09609375 0.071875
1 0.6875 0.21171875 0.10625 0.0890625
1 0.57265625 0.28984375 0.11015625 0.08515625
1 0.58203125 0.18671875 0.08125 0.06484375
1 0.58515625 0.246875 0.103125 0.0796875
0 0.84140625 0.30078125 0.165625 0.13515625
2 0.38671875 0.1234375 0.06484375 0.09609375