1 0.24259806668853132 0.9349181147059721 0.3266828683170294 0.12056055897782514
1 0.6848534561228353 0.8781521824998361 0.344658594568919 0.18823913229880312
1 0.9350655587254362 0.83900780382923 0.034495368317029575 0.11035714664195524
0 0.56717094538773 0.6631770016444626 0.3738896102127601 0.34207346042910436
1 0.2342105870999342 0.26236355762706304 0.11814232622365459 0.10080358656782167
1 0.3458460371140516 0.27327872105924145 0.1174142841302798 0.08830358656782167
1 0.5054562555440205 0.27706094157032873 0.13789338410204496 0.11864585099579186
0 0.6751008976091605 0.22903512542092716 0.1885150103821694 0.1578373257680484
1 0.5125553949783246 0.23549100046333615 0.11897678413027997 0.08835815027015252
1 0.38755539497832453 0.23985609664980462 0.11290879465362354 0.09126489546082901
1 0.27702741865584785 0.2366988695152954 0.09186825256024873 0.07805556733052796
1 0.5023151159685422 0.17035707378431386 0.09490224729857691 0.07660219473518967
1 0.6181298317676751 0.1764483279606651 0.1263188472703421 0.10732640507947586
2 0.7777855528284799 0.1794492984717524 0.18068709983059072 0.18407244355406327
1 0.9215887607351053 0.1869021560061482 0.07017526308359265 0.08041667549789597
1 0.9299781134082934 0.23027021008983223 0.0643802893919517 0.08801092068857255