1 0.582364194932302 0.9056545072181947 0.2432121687014785 0.18869098556361052
1 0.1353919453865872 0.05230999525034734 0.03806656603337357 0.04146145459715282
1 0.20590916327441153 0.05785278685347239 0.04283595318850324 0.043133057370694484
1 0.3881406456344144 0.45302308254066004 0.13984815128862405 0.1671173776591667
1 0.20697369629109835 0.07816528685347239 0.03831222749876275 0.046148954597152826
1 0.12815705676111938 0.22692813554295146 0.07029256784239583 0.09058993882958344
1 0.2807730444366475 0.116556946047778 0.057635437584671045 0.0575228656913195
1 0.3450026407731744 0.10634745108177113 0.056236711894930555 0.060611498100138925
1 0.3949650192218768 0.09190439779513922 0.05960737336031983 0.06537173328250004
1 0.42042204262762517 0.07142889684520867 0.05278416327441153 0.05428876291777782
3 0.05379778663473139 0.11829671153100699 0.1039925384437537 0.16784342306201397
1 0.15621677973732645 0.1518924211621529 0.058126760515449585 0.0668978656913195
2 0.5533440852552504 0.1361661569131949 0.09052318068726599 0.08950021751493065
1 0.5240084673219976 0.21663425370281292 0.09628185775648745 0.08027068787965286
1 0.6053436765033947 0.20526230223979214 0.10187011646291495 0.09756729065319458
1 0.9345752744796016 0.3324489301832994 0.1308494510407968 0.16250261284152784