1 0.48515625 0.36875 0.08046875 0.1484375
1 0.58046875 0.06875 0.0375 0.05703125
1 0.54765625 0.12421875 0.03984375 0.06328125
1 0.521875 0.68203125 0.12265625 0.29453125
1 0.57421875 0.22578125 0.06328125 0.10390625
1 0.70703125 0.3140625 0.09609375 0.1296875
1 0.95859375 0.28046875 0.08203125 0.121875
1 0.71484375 0.165625 0.06640625 0.08359375
1 0.025 0.303125 0.04765625 0.0890625
1 0.17265625 0.34296875 0.09765625 0.140625
1 0.32421875 0.21640625 0.06171875 0.09609375
1 0.82890625 0.59453125 0.175 0.25703125
1 0.23671875 0.16640625 0.05625 0.078125
1 0.88359375 0.4 0.14375 0.17578125
1 0.64140625 0.5109375 0.12109375 0.209375
1 0.23984375 0.10625 0.04375 0.0515625
1 0.32421875 0.125 0.03984375 0.0609375
1 0.3 0.0890625 0.0375 0.0515625