3 0.09163452638161941 0.25435059798695514 0.1405546363624381 0.17659995735199913
1 0.14379526988879765 0.35372334197963734 0.10829551542127551 0.11842383068109026
3 0.5626002224071551 0.6589433599220491 0.8632355746707455 0.6786588267822674
3 0.3072049793037187 0.25496657395768374 0.20639782467404083 0.1898635733609078
1 0.4613685535740178 0.3726796906031393 0.12227619480442442 0.11389996268299925
1 0.6028099853927987 0.45851609858373105 0.1651182597392326 0.15189085868872637
1 0.8463536595009419 0.6017462885503235 0.21100350405718976 0.18523061736154425
1 0.9389911728936224 0.5748923398711423 0.10363528896022593 0.11993178668045382
1 0.6465014841749828 0.41660986191123134 0.14129893019392786 0.12974313868554468
3 0.4288481542226409 0.26682967994113904 0.2267648717519414 0.1932249306969986
1 0.31035329870275374 0.2088455519573656 0.06846935633066593 0.07421929734245411
1 0.6421333583625561 0.30887008724541315 0.10489778003177222 0.10276246801399935
1 0.1852212905883742 0.5758523333068194 0.16711713636243805 0.17690904002227156