2 0.45067389475166025 0.8099884846271008 0.24449928659881798 0.3582002595669113
1 0.11600587386409882 0.2899764791503175 0.07093754631872758 0.1159719924781526
1 0.008368964020354626 0.2582073050937072 0.01673792804070925 0.09608538981258556
2 0.14731799400414397 0.17047632139104324 0.06737589867609248 0.10650606426490725
1 0.18042374648534334 0.1297232892585896 0.04985875889134017 0.06542642319868044
1 0.33442204177061363 0.10651780680956686 0.06399403349844598 0.06739810015828454
1 0.4588056116629898 0.08261364238637506 0.05738016046291676 0.05940374373179384
1 0.5795825303980741 0.2031497997499379 0.10004284946188076 0.10433581050398359
1 0.8786386145584739 0.18118490538500578 0.11864730024766885 0.10175637978345575
2 0.02150897291169478 0.12112484224072576 0.04301794582338956 0.07935253087881237
1 0.932063213401182 0.32396578728003256 0.10425946856846835 0.12786423871722893