1 0.6192534199707824 0.4251383809770989 0.11025299763774718 0.165472352532014
1 0.5793080101668011 0.22397072312694338 0.0625396947351895 0.09408319994353027
1 0.8051239433844273 0.5275562676393927 0.16070935462398878 0.2261060156438411
1 0.7143700348463904 0.07761790984570688 0.045659729581580065 0.05723564732681179
1 0.5118576153389441 0.20516824424421798 0.0575793762235353 0.08599768415851469
2 0.5668377812181932 0.15513742314106085 0.04971231252120454 0.08398015785015547
1 0.6714682283156356 0.2301212835655825 0.07542164065150558 0.10574874203690507
1 0.7748164615254126 0.09522961505090899 0.04426092068857255 0.06183214206513994
1 0.4942360949205241 0.14934317847331985 0.049166675497895794 0.06835515785015547
1 0.6334622860275166 0.15275514676211444 0.06221231252120454 0.08470819994353027
1 0.5331001874787955 0.11246480475344423 0.046096239200226916 0.06973564732681181
2 0.610262888204435 0.09973656257536483 0.04318949400955034 0.07580363680346806
1 0.8148759771345093 0.1586242571160489 0.07013393992586607 0.0882882262518895
1 0.5704290618882324 0.07471417577189676 0.036393856986241604 0.05981461575678067
1 0.9019221093484944 0.15430004913883655 0.07342263103285873 0.0931577367752332
1 0.9287251676085297 0.2834639043722735 0.09002977767481397 0.1221927893919517
1 0.5866542626138717 0.058436728388615244 0.02814484736759475 0.04685958944842143
3 0.44589029792359824 0.6146650706090468 0.3167411660488851 0.7201429839326359