1 0.17599459264308942 0.3650124425238201 0.15236608656782163 0.11336358411256367
1 0.1494072999921508 0.4312505208808471 0.16659227767481416 0.11813289734428026
1 0.37142365453132176 0.3247515777678519 0.11103175843752044 0.0928147347764936
1 0.4003224700477511 0.36944190905174523 0.11733632213985139 0.09441359621281205
1 0.5126835715916972 0.2990163004440971 0.0840327488188736 0.08016019867214012
1 0.5215600637871489 0.32953050223949515 0.09998513103285873 0.08962610226293624
1 0.5234747386520726 0.27252197813719425 0.07427580290255768 0.06916815651766246
1 0.5809697801218849 0.28613502624360027 0.06786211179556503 0.06444429508134401
1 0.6376835715916972 0.29974352917046654 0.07427580290255768 0.06916815651766246
1 0.5799330697775986 0.25644752624360023 0.06624504809323425 0.06287270472226432
1 0.6418155108845912 0.2614940954272452 0.06613592068857255 0.059747704722264317
1 0.7040526160567343 0.2766969146108901 0.059776793283910834 0.056586343285945875
1 0.76784229754508 0.2692571193331544 0.05487103847458741 0.05030907220870695
1 0.911403813787149 0.3317985468298598 0.06813493030721958 0.07225679508134401