0 0.6392766315125847 0.19703028403175743 0.10901974317557439 0.13076452174882985
1 0.39149194892376143 0.1875584194304713 0.048005160462916766 0.05965884288963737
1 0.3678532417278324 0.16738784087528996 0.041172963606069854 0.046904174904859805
1 0.3828403868892682 0.13625058741524884 0.04437073821317572 0.04859400889724856
1 0.4205758273359742 0.12297199600848625 0.04771406203449331 0.05340884288963736
1 0.39762847890755076 0.11764516745330493 0.04415241439185813 0.043906508897248564
2 0.33347824172783236 0.16878851479156656 0.05283820967712849 0.06297484387822054
2 0.31652833622731436 0.19139568524780207 0.04978598428423435 0.06441000988583175
1 0.3530629956567738 0.15233584384103946 0.04586046360606986 0.04709517589344294
1 0.5273138248547748 0.07870338977297604 0.048985463606069854 0.047222509885831744
1 0.035128594704369784 0.41811333003805606 0.03474318114108116 0.07627333992388792
1 0.08587561145359279 0.44892031965793266 0.12013702564056317 0.10158635771838505
1 0.27922738937046754 0.1803918596583703 0.057016287427387444 0.05222834486680368
2 0.34884637655018597 0.12902567783342828 0.04437073821317572 0.04859400889724856
1 0.04499805438149822 0.47876432855518136 0.049533427212139734 0.09247134288963732