3 0.6463183815557981 0.6175844142347866 0.6608765226045143 0.6241518727649742
0 0.28943717439319416 0.36351938529402805 0.21090635809187522 0.2743353450053421
1 0.17263153410059 0.34302085761921386 0.10734233415618064 0.1177182680561673
1 0.10573562804041643 0.2945535865678216 0.09604115824437506 0.10171132213985139
3 0.056427265483228975 0.22949901624206878 0.08481402393569457 0.15596231252120454
1 0.9058239341768399 0.4530680795658816 0.17256859707395833 0.1699553798517325
1 0.6905821003049997 0.36188997494189257 0.171950348023889 0.1433928798517324
1 0.9507922484813885 0.40225211323114546 0.08437761284152785 0.13721231252120453
3 0.4807733020523609 0.23884431142489615 0.29582556553881967 0.23358634863353922
3 0.7132584937317359 0.2610368030721937 0.36072452013597245 0.27176096042910425
1 0.3060460589862151 0.2210144267638403 0.07838087955902787 0.08079862141421197
3 0.3665848219039929 0.17308784745241282 0.2100685970739585 0.17126490870767297
1 0.24087565387597207 0.19919150126594437 0.07830814437666671 0.07767362141421193
3 0.20348606307027767 0.12595240870767296 0.17140483415618063 0.11995537985173241
2 0.7767338865897913 0.5572421696770822 0.2356154173624308 0.26270836424263583
1 0.5483562730826732 0.45935027358328095 0.18674019984750015 0.17513395317271013
2 0.4027547919843747 0.36591275371301507 0.1396106267092362 0.16255954210278442
1 0.28173443037711776 0.3249380349312084 0.12144120174736121 0.1197718413771451
3 0.1679459937317359 0.241994070958725 0.2123948164887502 0.20413197241000383