2 0.9655779855620604 0.3545597403942895 0.06504425878059905 0.17248121572854574
1 0.8301949974659172 0.26716469815974037 0.14608518052176755 0.14127598933548197
1 0.7196938347017389 0.19862607173844166 0.10997496369925486 0.10949536831702944
1 0.5904835785534187 0.12414825845720512 0.08331246974937905 0.090760778868608
1 0.6189489461380573 0.19824591111627593 0.08961701190385654 0.10049979991529541
2 0.8094445975875543 0.7463362586689666 0.33047031264254123 0.4222361049510884
1 0.6240121333973201 0.5361176374387526 0.2075226502711466 0.23076269454068415
3 0.4853415605994379 0.208370610989219 0.2452771803253757 0.2766968208208084
1 0.9675348744203298 0.5551589798709458 0.05887607201231546 0.18617969468185827
1 0.7017740399149826 0.45973787698599605 0.20735902380771326 0.20263769454068417
1 0.48589048556206055 0.38249835572754715 0.15093630698520055 0.16967400512049746
2 0.8784314678044713 0.5673775297862412 0.23750104176169415 0.28249179451244916
1 0.8767285881195844 0.4573577876787489 0.20258971057599667 0.1883021787556686
1 0.711117744539051 0.3303310980468009 0.15546927088084708 0.14338452090551304
1 0.37120179254726116 0.228295245091264 0.09441359621281205 0.11952281570031094
1 0.4231001149523599 0.30180906882525704 0.10853972872636941 0.13127936305535756
1 0.6077069191088901 0.2512266979479788 0.11171927088084707 0.14083637357870132
1 0.3902835906536672 0.1701719319512018 0.06292724687674198 0.07707771046687398
1 0.35063528337387895 0.13889881612383395 0.05822156615858276 0.07367969468185845
1 0.3276835967037914 0.19099964241807577 0.06613406010845857 0.09132222099021767