1 0.1692765003957114 0.16002147104966796 0.07709134890464334 0.07536818114108117
0 0.6207350149771879 0.36517362137839027 0.22482546991261038 0.27261567038771417
1 0.35256402500631767 0.2653019381703945 0.09385295157021041 0.11515842721213972
3 0.33304348370266396 0.15750655479578296 0.19517141066226812 0.1651285020669146
1 0.9787113363682309 0.46408858022694915 0.042577327263538224 0.11497433664159917
2 0.42347357007089503 0.3427227708830522 0.1165463054894186 0.14430227171162172
1 0.9076356214036785 0.38477776178231504 0.10166545157021041 0.11552230024766903
1 0.6720942411580044 0.57509658498446 0.15932483887551357 0.16657968610347992
2 0.4967542942066475 0.2603148393276863 0.09688702335696497 0.11217897642635144
1 0.4926735141192579 0.5222690297743924 0.12798391066226814 0.16199919396136267
1 0.8189391827655917 0.31277002108794 0.09656877461060631 0.10124147642635144
1 0.7550274469513568 0.34178112489304696 0.09288148495630519 0.13539815260503385
1 0.6762659494586393 0.31626739453775404 0.07376777210332364 0.12202485731976358
3 0.869762233702664 0.520785882336645 0.26047553259467193 0.4047047324222074
1 0.6963678493003547 0.25634873903723604 0.06946070533113406 0.08125430810555186
1 0.9128686906831508 0.8804582113297583 0.17426261863369846 0.23908357734048344
2 0.7172154906957859 0.8740198126536658 0.20188807508545992 0.2519603746926684
1 0.7485752069804867 0.2540991883752823 0.06785274122451135 0.07961903349844608