1 0.63515625 0.22890625 0.03515625 0.0515625
1 0.72109375 0.26640625 0.04140625 0.06328125
1 0.74921875 0.21328125 0.03828125 0.05
1 0.80546875 0.18984375 0.0375 0.0609375
1 0.33515625 0.46875 0.071875 0.11328125
1 0.41953125 0.54140625 0.08359375 0.13515625
1 0.659375 0.31953125 0.046875 0.07578125
1 0.75859375 0.3546875 0.06015625 0.08515625
1 0.29921875 0.31875 0.053125 0.07578125
1 0.86015625 0.25703125 0.05 0.05546875
1 0.859375 0.42109375 0.06484375 0.09609375
1 0.7171875 0.578125 0.084375 0.13125
1 0.94296875 0.82890625 0.11328125 0.2109375