1 0.7153266500238626 0.1799309989198455 0.03504770934118149 0.05801248789975162
1 0.7284175433640895 0.23078497179248245 0.04135225334181776 0.06273634933607006
1 0.3514690707749496 0.7996470386384363 0.16079423870145293 0.25716812626704133
1 0.8540987960295896 0.22292299569839166 0.044331802673454136 0.050254530054229286
1 0.8148095767027257 0.2703474415418614 0.05552384134309065 0.07219316256778666
1 0.907041982694135 0.20760706790709865 0.045985209341181485 0.058076120413308896
1 0.37707431405154307 0.3818555506404888 0.08096019334818116 0.10983860831306051
1 0.9016374147039983 0.2802269564707802 0.05708634134309065 0.07220225292686618
1 0.7606680640515431 0.384087233794535 0.06520792401336309 0.09881020472226432
2 0.8797544187221338 0.41368435108458596 0.0749283693507266 0.128552246876742
1 0.9648459393698164 0.2743451160135047 0.055469297342454385 0.06750566256778665
2 0.3641277766947714 0.2091356681269315 0.05886701734563582 0.09096134328594588
1 0.9512294293841339 0.3797275076022483 0.07932496801399935 0.1035795179539809
1 0.5148817546944533 0.20766913777811463 0.04127952800763594 0.056486349336070066
1 0.8548946101209035 0.8928521379745064 0.16035788669636233 0.21429572405098724