1 0.69921875 0.2015625 0.03359375 0.0484375
1 0.64140625 0.19375 0.034375 0.0515625
1 0.715625 0.240625 0.04140625 0.059375
1 0.37421875 0.753125 0.12265625 0.2296875
2 0.76796875 0.21171875 0.034375 0.0609375
1 0.6703125 0.3109375 0.05 0.078125
1 0.80546875 0.19453125 0.034375 0.05
1 0.39296875 0.359375 0.0625 0.08671875
1 0.29453125 0.36875 0.06171875 0.0890625
1 0.34375 0.3015625 0.05234375 0.0703125
1 0.3140625 0.25 0.04375 0.05703125
1 0.71015625 0.45546875 0.06953125 0.109375
1 0.8515625 0.34453125 0.06796875 0.08125
1 0.8703125 0.56015625 0.096875 0.13125
1 0.72890625 0.65859375 0.09453125 0.15546875
1 0.40703125 0.20703125 0.03515625 0.0515625
1 0.98671875 0.3953125 0.02578125 0.08671875