1 0.40164814739813337 0.4842575921239112 0.06973179201145392 0.08557503571381489
1 0.45799814473263323 0.4938331895261234 0.07445565467854501 0.08878185633066593
1 0.32639415607095124 0.5282473254848197 0.07454656134627217 0.09659435633066593
1 0.39144753874917804 0.6145217905817837 0.10139996268299925 0.12205800649282175
3 0.38070149009385934 0.6979109890396561 0.2655919213876339 0.40455468100470676
3 0.5261219834102238 0.575474701700988 0.1670260573679075 0.2575512215897856
1 0.679749706794994 0.9503308311668626 0.18877269334818117 0.09933833766627487
1 0.5913560847389967 0.5430264403369023 0.06344542934436319 0.08234094155801372
1 0.6239231367361332 0.5225054346548594 0.06335452267663584 0.07452844155801372
1 0.32471293006045177 0.4508899387153445 0.10101815467854483 0.08924550649282174
1 0.631100932089405 0.6694758920411856 0.09048064401654479 0.12342959172016936
1 0.5550276860677696 0.5088053989410446 0.09011701734563574 0.09217959172016954
1 0.6806725760661788 0.49928216882654686 0.057031797342454026 0.06816934740221221
3 0.6496674767265882 0.45265658481701526 0.10141814401654478 0.12362050649282175
1 0.724903834062679 0.47427821468663156 0.052289753341817756 0.06340002678536116