1 0.021875 0.925 0.04140625 0.15
1 0.2671875 0.9140625 0.28828125 0.171875
1 0.68515625 0.909375 0.29765625 0.18125
1 0.95625 0.92421875 0.0875 0.1515625
0 0.596875 0.65625 0.29375 0.26640625
1 0.32734375 0.221875 0.09453125 0.078125
1 0.42890625 0.2515625 0.096875 0.06484375
1 0.57578125 0.284375 0.11015625 0.090625
0 0.73671875 0.26953125 0.15078125 0.1203125
1 0.58671875 0.24609375 0.09765625 0.06484375
1 0.47109375 0.228125 0.090625 0.06875
1 0.36875 0.20546875 0.07265625 0.059375
1 0.5828125 0.184375 0.07734375 0.05703125
1 0.6890625 0.21015625 0.10234375 0.08125
2 0.83671875 0.24140625 0.1375 0.1484375
1 0.97109375 0.27421875 0.05703125 0.06640625
1 0.975 0.31796875 0.05 0.07421875
1 0.9640625 0.49296875 0.071875 0.10546875