1 0.4027599140673811 0.5759555294650541 0.19600297602842467 0.222947662371395
1 0.21095743215760415 0.09031696955298725 0.049741050429541286 0.05496021077238851
1 0.2040556569428335 0.11762890329620859 0.05278416327441153 0.053415891490547776
3 0.2833204330621153 0.06651183089110985 0.11412445499752559 0.09126132513557324
2 0.1790446116016748 0.251899364166793 0.09142393939369335 0.10518746974937895
1 0.2449362844870248 0.1577226381708981 0.06076043758467105 0.056586343285945875
1 0.5234740422889409 0.16637651726660985 0.09348440637700665 0.08489315046753818
1 0.48253810379975876 0.24663164382823882 0.1047494549975255 0.09120678298109555
1 0.5017318391004377 0.20845038777811462 0.1047494549975255 0.09120678298109555
2 0.018783759893851868 0.15012726502711465 0.037567519787703736 0.06431703005422928
1 0.8026835074632318 0.23677187226002064 0.14413285956551009 0.1273624515990064