1 0.5999726850317247 0.2752207094677314 0.057852194735189676 0.09317211124870503
1 0.6336432690676577 0.6555289476809072 0.1282242368379741 0.23216614474715094
1 0.2287995455613455 0.43947783870851376 0.10496529691210785 0.14684507485477488
1 0.7229538611625929 0.09236116769711784 0.024910719962933214 0.04327911910658786
1 0.7535763785857881 0.11178540983923498 0.03137897477225664 0.04982021753501131
1 0.7927480059904498 0.11047977501688142 0.028834328130301047 0.02162244292790545
1 0.5883407589856746 0.13773782609311996 0.03472222958157989 0.056215766749222996
1 0.7267584182415018 0.1402721288219883 0.0426438569862416 0.05970463978475227
1 0.7962078226880055 0.14585434883819898 0.04253472958157989 0.05657963978475231
1 0.8186532523622526 0.19776360524833975 0.053963302902557686 0.07115156203449331
1 0.6224727115254126 0.07907345553879004 0.023239092558271324 0.040081344499481995
1 0.5849007896557138 0.05697797766469652 0.019786710344286362 0.030560795285270292
1 0.5710466207812398 0.07276564350429673 0.02151290145127884 0.035321069892376156
1 0.9780753484639032 0.4055141009051136 0.0194990228654909 0.11166524607105863