1 0.47265625 0.20546875 0.05546875 0.0796875
1 0.525 0.28671875 0.06953125 0.14453125
1 0.5375 0.65 0.13671875 0.2609375
1 0.63984375 0.30703125 0.065625 0.12421875
1 0.56953125 0.1859375 0.05078125 0.08515625
1 0.78125 0.07421875 0.03828125 0.059375
1 0.74453125 0.109375 0.04453125 0.06484375
1 0.64921875 0.1984375 0.05078125 0.090625
2 0.5890625 0.10390625 0.04765625 0.09609375
2 0.80703125 0.09921875 0.05 0.08125
1 0.44765625 0.17890625 0.08046875 0.071875
1 0.8234375 0.178125 0.059375 0.08125
1 0.80859375 0.26953125 0.08125 0.109375
1 0.96640625 0.290625 0.06640625 0.1203125
3 0.49296875 0.1015625 0.13046875 0.1609375