1 0.15234375 0.2296875 0.06328125 0.03359375
1 0.6421875 0.35625 0.084375 0.08359375
2 0.60546875 0.2609375 0.05625 0.090625
2 0.653125 0.2984375 0.06796875 0.07578125
1 0.86953125 0.5203125 0.14765625 0.1515625
1 0.74375 0.3546875 0.08828125 0.0890625
1 0.86484375 0.3984375 0.11875 0.10703125
1 0.97890625 0.53125 0.04140625 0.08125
1 0.971875 0.4609375 0.05625 0.08671875
1 0.9109375 0.9140625 0.178125 0.171875
1 0.41015625 0.18828125 0.05703125 0.03671875
1 0.721875 0.19140625 0.06484375 0.03515625
1 0.84453125 0.21171875 0.05546875 0.03671875
3 0.07265625 0.46015625 0.14296875 0.221875
1 0.81953125 0.18125 0.04375 0.03515625
1 0.92265625 0.21875 0.06171875 0.04609375