1 0.0546875 0.8578125 0.109375 0.284375
1 0.33671875 0.3140625 0.08359375 0.128125
1 0.61640625 0.7359375 0.13203125 0.309375
1 0.58671875 0.28125 0.06640625 0.12578125
1 0.7671875 0.01640625 0.04765625 0.0296875
1 0.284375 0.19921875 0.08046875 0.10546875
1 0.515625 0.08046875 0.04296875 0.06328125
1 0.64765625 0.07890625 0.046875 0.06875
1 0.58828125 0.03359375 0.03671875 0.06328125
1 0.45546875 0.0359375 0.04140625 0.06875
1 0.87734375 0.15546875 0.08046875 0.08515625
1 0.48828125 0.01171875 0.03203125 0.0203125
1 0.54921875 0.01171875 0.03125 0.0203125
1 0.9828125 0.21328125 0.034375 0.090625