2 0.39171778386485834 0.48359375 0.17033172247985356 0.271875
1 0.656042862516473 0.70703125 0.19724874648395846 0.3328125
1 0.6827579578455223 0.009375 0.04698408430895533 0.01875
1 0.44752846409203817 0.15625 0.08332156010845856 0.0875
1 0.6576306928184076 0.03125 0.05348861436318479 0.0625
1 0.5391710634281083 0.115625 0.06142837939029935 0.084375
1 0.5214023013278599 0.08125 0.05041815651766246 0.071875
1 0.6131307381943392 0.16015625 0.06777837334017515 0.1015625
1 0.7150704880961433 0.0953125 0.06771474082661796 0.090625
1 0.5793738826117532 0.05390625 0.04728406615858276 0.0703125
1 0.9021068797830829 0.175 0.10704995159900647 0.1375
1 0.5169056988685318 0.0484375 0.04728406615858276 0.0703125
1 0.5561136446138057 0.0234375 0.04402271077238851 0.046875
3 0.4174415091733822 0.090625 0.16199198165323558 0.18125