0 0.66875 0.28125 0.075 0.10546875
1 0.38046875 0.3765625 0.05 0.090625
1 0.66328125 0.590625 0.165625 0.1796875
1 0.3890625 0.26796875 0.040625 0.06875
2 0.31640625 0.31015625 0.046875 0.09296875
2 0.77734375 0.76796875 0.21328125 0.26875
1 0.34375 0.2359375 0.04296875 0.05390625
1 0.33515625 0.15859375 0.02109375 0.03359375
2 0.29140625 0.403125 0.04609375 0.11484375
1 0.30234375 0.1703125 0.02734375 0.03359375
1 0.47734375 0.3953125 0.0625 0.0984375
1 0.265625 0.20546875 0.040625 0.0390625
1 0.3265625 0.21328125 0.04140625 0.04609375
1 0.24453125 0.240625 0.05 0.04609375
1 0.4109375 0.17578125 0.02890625 0.03359375
1 0.36015625 0.18515625 0.028125 0.0390625
1 0.43359375 0.19453125 0.03515625 0.04609375
1 0.45078125 0.26875 0.04296875 0.0703125
1 0.40625 0.1546875 0.03046875 0.0296875
1 0.12265625 0.296875 0.07109375 0.0484375
1 0.134375 0.325 0.08828125 0.06328125
1 0.48671875 0.14140625 0.03046875 0.03359375
1 0.50078125 0.15546875 0.03125 0.0390625
1 0.45078125 0.16640625 0.02578125 0.03515625
1 0.4640625 0.13515625 0.03125 0.03515625
3 0.4015625 0.1203125 0.07421875 0.07421875
3 0.03984375 0.54140625 0.07734375 0.24296875