1 0.26640625 0.3765625 0.11171875 0.078125
1 0.246875 0.45546875 0.12421875 0.08671875
1 0.38671875 0.3265625 0.084375 0.06640625
1 0.48359375 0.3234375 0.07734375 0.06484375
1 0.47734375 0.28359375 0.06171875 0.059375
1 0.55859375 0.27578125 0.0625 0.059375
1 0.471875 0.2640625 0.0625 0.05390625
1 0.534375 0.259375 0.053125 0.05390625
1 0.63203125 0.23828125 0.046875 0.05546875
1 0.51953125 0.23203125 0.05390625 0.05
1 0.5875 0.2234375 0.04609375 0.05390625
1 0.671875 0.2046875 0.04375 0.040625
1 0.71015625 0.31875 0.065625 0.08359375
1 0.06015625 0.47109375 0.11796875 0.071875
1 0.03984375 0.55390625 0.078125 0.1