1 0.92890625 0.153125 0.08984375 0.0609375
3 0.31484375 0.0890625 0.1875 0.09453125
3 0.8953125 0.32421875 0.209375 0.26640625
1 0.48984375 0.11484375 0.07890625 0.0484375
1 0.50390625 0.13671875 0.08828125 0.05703125
3 0.76171875 0.078125 0.30234375 0.1015625
1 0.63671875 0.30859375 0.12734375 0.09296875
1 0.759375 0.26171875 0.10703125 0.071875
0 0.27890625 0.284375 0.19453125 0.1703125
1 0.115625 0.45859375 0.171875 0.109375
2 0.85859375 0.128125 0.07578125 0.06328125
1 0.33671875 0.2703125 0.09609375 0.07578125