1 0.4288940411572872 0.22374002332882692 0.08188516508343398 0.10423612141421197
1 0.7914824881257541 0.7354736091788584 0.27030137041964364 0.4258631286706061
1 0.5025207281761312 0.4786705707890889 0.17190373473485215 0.24462799763774737
1 0.6077726356847917 0.1572271020072822 0.07579893939369349 0.1071428666048885
1 0.532625471505869 0.08236600046333616 0.05055992198083885 0.0719494110699257
1 0.6584985747398008 0.03585313212916712 0.05220430913596861 0.07170626425833423
1 0.7094059774987629 0.02796250381745614 0.056728034825709095 0.05592500763491228
1 0.7569017752147706 0.014603125505745166 0.05442855042954129 0.029206251011490332
1 0.7117973151288624 0.00437495363604629 0.0454696302577247 0.00874990727209258
1 0.5213172365438743 0.26982136044480265 0.0989841338757694 0.13290675843752045
2 0.5137426746943723 0.1252901104448027 0.06963082654882306 0.10848711179556507
1 0.7385279907277458 0.15813978286265576 0.0935596494796016 0.11868056733052797
1 0.5802883655584037 0.05095974383991421 0.050314260515449585 0.06726191106992567
1 0.9490361227944929 0.23218737415498278 0.08878361827193722 0.14658731252120455
1 0.9640569352098218 0.5026536415781779 0.07188612958035634 0.24077382213985138
1 0.48998759215265536 0.07524547042626926 0.05064180913596861 0.07351191106992568
3 0.41901002883281524 0.10981393258465406 0.17890400723608924 0.1996428798517324