1 0.5625985815256641 0.6276821768093344 0.2756838319758902 0.2530896803253757
1 0.2586048795803563 0.4188192194547914 0.1505399898232347 0.16020222267624523
3 0.08264652504542852 0.28022837636523723 0.16529305009085704 0.21969539734428026
1 0.9281926040269013 0.6751354563725844 0.06830069990914289 0.1706579336450254
2 0.7599892379026707 0.5444298361556672 0.24985831637205785 0.26699764422102223
1 0.529705273632891 0.45009298711418466 0.19165631275401313 0.16981357201231528
2 0.3825646800098976 0.3648362222834617 0.14782442559888348 0.167996541958086
1 0.26195560888814134 0.32506012909571175 0.1280984237898611 0.1194590480082102
3 0.14882152306706406 0.24703460216474044 0.21648589439121899 0.19651242739850955
1 0.06341628957540746 0.23637838241536144 0.07605124491161734 0.08010565651766247
1 0.6064182598380811 0.3880202339909267 0.20399253844375362 0.16676129488495225
1 0.70857498134395 0.287802586253863 0.16510045680654795 0.13998062626704133
1 0.25349241293572733 0.17340218032537577 0.07375176051544959 0.0660340661585828
2 0.2123008469023538 0.21379992134838535 0.08739818068726617 0.08798178903121974
1 0.9797472964728124 0.27296896837463686 0.017904552238563555 0.10319772287263689
1 0.8936836437138505 0.25996445344571806 0.14487648801421252 0.111746541958086
1 0.7495961290145294 0.22083325487177383 0.13024077792830405 0.10072722872636941
1 0.6151325978068649 0.1919173936318471 0.11231629353213642 0.0865647347764936
3 0.46614622116718474 0.12696858362158436 0.2224149898232346 0.1606203791939076
1 0.9411694753510563 0.23367011903856677 0.09882700361804453 0.09742042154477701
1 0.8137371941433917 0.20479516441449835 0.12654256784239593 0.08977154800821019
1 0.6865096308235517 0.1720139597904299 0.11379690637700648 0.08501132513557322
1 0.5770051560383223 0.14402479429577703 0.08846935775648745 0.07861587939029935
1 0.3210351170287417 0.10736863504764012 0.06076043758467105 0.056586343285945875
1 0.28481433401205497 0.1274766019683487 0.06865482473980081 0.058194295081343925
1 0.23398549638195537 0.09826582493918151 0.05730788896415202 0.05031816256778663
1 0.2028207055633525 0.11136981293712896 0.05113977611928178 0.051844301131468117