1 0.8022469550194655 0.2368771213371715 0.051973676882026254 0.04989235141192579
1 0.5880758008004904 0.9550017090588042 0.14007585475263545 0.08999658188239153
1 0.4089002953632829 0.9758136569013445 0.1430443458553869 0.048372686197311054
1 0.5726948344123184 0.8027508592629775 0.12195720752810466 0.19706887978345583
1 0.417245989051223 0.8553266268139549 0.13047004448624283 0.21448370031656908
1 0.24913797619964173 0.9061938271970309 0.15789470752810447 0.1876123456059382
1 0.4454996175298547 0.6418324281467384 0.10693970258518881 0.17322220282385156
1 0.30870793026770516 0.7356242290838104 0.11625103558899426 0.1719324874635877
1 0.1387999954770136 0.8167198017284949 0.15298171444818678 0.23074519780928676
1 0.3384192879860901 0.6207266547897733 0.09415585969555132 0.12759145407749273
1 0.22580920003936863 0.6393509711662516 0.10534802768032892 0.13415970282385156
1 0.3508821373015181 0.5452181894295094 0.08264535672980182 0.11321070533113406
1 0.27304363878439286 0.5359137340983754 0.08226335475263546 0.10383570533113406
1 0.3775839001530994 0.484985383082161 0.06944501977166348 0.09565949247815268
1 0.2924913171492938 0.4809450892712249 0.06450285178688589 0.08927310015828453
1 0.3727173280237087 0.431655794602359 0.05624468281352515 0.07810827962517113
1 0.30446207654083396 0.4367093559642723 0.05624468281352524 0.07810827962517113
1 0.3270201674533049 0.4013856214036785 0.05305601581733086 0.07645485141192587
1 0.3424196743733871 0.36898229836328267 0.04642401384016441 0.0668979949854351
3 0.39093542882201143 0.3492752036152744 0.09549286661563353 0.16040395407749272
3 0.10538920106513286 0.692404111836767 0.21077840213026572 0.45668322367353403
3 0.19122990608459842 0.45140469028743924 0.1458403765014653 0.20868834138279588
3 0.25507884186387314 0.36253005839241254 0.11548703163466154 0.1531824874635877
3 0.31006477220594036 0.2992093559642723 0.11392453163466154 0.15313702335696497
3 0.39832877616027307 0.2830053459351425 0.06800985376405233 0.09873902837152997
1 0.9528106877192599 0.32338658583950564 0.04160917984777583 0.06363660266556703
0 0.34638161558986935 0.25255331630997124 0.09068334980971962 0.08067098997087019