1 0.3414129312934694 0.34230108581302965 0.1050641847906915 0.09066784946188075
1 0.50357735026683 0.33889575764848584 0.07936384783255335 0.07231595574818694
1 0.4395612712173572 0.3155631114535928 0.08236151384016441 0.06933650496239877
1 0.6396222796203141 0.2849617365560367 0.055608012851581276 0.06341183664159918
1 0.5258635271488562 0.291404327540862 0.061921679847775656 0.06526543507002262
1 0.6758927020537161 0.25925541521591844 0.04278967787060921 0.05501713978475227
1 0.5062831976050918 0.27248950764848584 0.058605678859192524 0.0604323858558109
1 0.5797206976050917 0.27590991418246114 0.05391817885919252 0.06021406203449331
1 0.5485171185556188 0.2541055347367911 0.05041117688202608 0.05069351282028158
1 0.6259563690499105 0.255364127788531 0.05060217787060921 0.055381012820281586
1 0.17158325095140214 0.39935795285270287 0.1287563527754691 0.09800946856846852
1 0.33952016745330493 0.40796247311658257 0.11437551779449713 0.08954199710451594
1 0.6983340933467479 0.380841470840271 0.07693918479069169 0.08935790653397521
1 0.02372270699663191 0.4553981294456701 0.04744541399326382 0.09517125889134022
1 0.8406117766545649 0.3084121608726923 0.06348417984777584 0.06533820967712849