3 0.07109375 0.36171875 0.13984375 0.14296875
1 0.13984375 0.43203125 0.06953125 0.08359375
3 0.36796875 0.5484375 0.41015625 0.40390625
3 0.821875 0.7859375 0.35625 0.428125
3 0.29609375 0.3234375 0.16015625 0.1390625
1 0.44453125 0.40078125 0.09375 0.08125
1 0.59296875 0.45390625 0.12265625 0.10546875
1 0.77265625 0.51640625 0.15703125 0.12578125
3 0.9125 0.44453125 0.175 0.20703125
1 0.6671875 0.4234375 0.12578125 0.10390625
1 0.50703125 0.37421875 0.08828125 0.08671875
3 0.38359375 0.30625 0.16015625 0.13515625
1 0.9515625 0.57734375 0.096875 0.1046875