1 0.8012512967804369 0.2288160748227625 0.05668792069139812 0.07034124373179385
1 0.6656487659016246 0.2749134879923131 0.0712959899708702 0.08950042069139794
1 0.19994955806320808 0.34466632765924937 0.11516566191590934 0.1485404515702104
1 0.37879362358175656 0.2879436515575751 0.07795516693047429 0.10374477711788863
1 0.45157189403572773 0.30846308854630905 0.084250631037097 0.10548913354437942
1 0.7797697872135256 0.457372983835678 0.10524509263643722 0.12951766693047428
1 0.6729203936400163 0.4542372751393316 0.10726223370266404 0.14518813103709682
1 0.881270102732074 0.4029007810118264 0.09367109514371955 0.10732441818411545
1 0.9061684658224823 0.2983580335191089 0.07433006175762458 0.08646634890464337
1 0.6549730610327089 0.6686407559390017 0.14961486975432586 0.20574519780928674
2 0.39859530971256074 0.19759979638472558 0.06991534639736088 0.09570495658477532
2 0.31553876880461845 0.15474235814235038 0.06187552586424747 0.0876651360516619
1 0.385419359791703 0.16754022334432972 0.051864028371529966 0.06551735141192579
1 0.8367255147144903 0.7265799734108367 0.16068876207419364 0.2107509465556454
1 0.5176180943522969 0.1847695242814018 0.05369931301126592 0.0749378155185485
1 0.9341353752976161 0.5980708770134758 0.10058633636823089 0.1840233105039836