1 0.16484375 0.915625 0.290625 0.16875
1 0.596875 0.909375 0.296875 0.18125
1 0.89765625 0.9109375 0.20390625 0.178125
0 0.5953125 0.659375 0.29375 0.2609375
1 0.23828125 0.22109375 0.08046875 0.05546875
1 0.35859375 0.24453125 0.090625 0.07421875
0 0.57890625 0.2390625 0.13515625 0.1015625
1 0.38515625 0.20625 0.08125 0.0609375
1 0.25 0.19453125 0.07890625 0.0484375
1 0.58359375 0.19375 0.08046875 0.059375
1 0.690625 0.21640625 0.10078125 0.08515625
2 0.8359375 0.2515625 0.13828125 0.1484375
1 0.96953125 0.278125 0.06015625 0.0609375
1 0.971875 0.3234375 0.05625 0.065625
1 0.26171875 0.26640625 0.08671875 0.06640625
1 0.56640625 0.29609375 0.11796875 0.09609375
1 0.89765625 0.41484375 0.159375 0.109375