1 0.48828125 0.56484375 0.15546875 0.1984375
1 0.32109375 0.06171875 0.03515625 0.04453125
1 0.31171875 0.0859375 0.03984375 0.04296875
3 0.3875 0.04296875 0.08984375 0.08125
2 0.29296875 0.21640625 0.06953125 0.090625
1 0.3421875 0.12578125 0.04765625 0.04609375
1 0.59375 0.16796875 0.071875 0.06640625
1 0.54921875 0.23515625 0.08046875 0.06875
1 0.56640625 0.2015625 0.08125 0.071875
2 0.14375 0.0984375 0.034375 0.05546875
1 0.08046875 0.1015625 0.03125 0.0484375
1 0.01875 0.1203125 0.03515625 0.04453125
1 0.83359375 0.26171875 0.109375 0.09609375
1 0.1046875 0.0703125 0.02890625 0.03671875
1 0.05546875 0.07421875 0.028125 0.03671875