3 0.6561298543053663 0.49535080221162264 0.6823946777550006 0.6960872640451559
0 0.24677421956448606 0.4071165666495621 0.2489046988616142 0.2967305960164204
1 0.12753329586337997 0.43593243393961306 0.12413870373287823 0.13039654800821018
1 0.04918001948176056 0.41766422297083283 0.09836003896352112 0.11154655405833439
3 0.012252763799717702 0.3780386415887437 0.024505527599435403 0.1626727168225127
1 0.8662487426963994 0.2277491699926529 0.18285123051823932 0.18229539129415606
1 0.6294481720795483 0.233813859393215 0.190309174511885 0.1620283430895541
1 0.8908590048712639 0.16042531460645865 0.09935689204448081 0.14275110226293633
3 0.3807339825501296 0.20635752166641402 0.32492172808260744 0.26592602361132156
3 0.6107857211860439 0.14175064188333122 0.3940535576279121 0.28350128376666245
1 0.20709588514791735 0.26361200634471177 0.08902731818121908 0.08800906010845858
3 0.24580955763120751 0.19386258772680098 0.23306941882984217 0.1950862827847038
1 0.13586576745316567 0.2718381176828344 0.0890000446422687 0.08644656010845857
3 0.08151700689985884 0.21748696096878026 0.1630340137997177 0.14002607806243947
2 0.787781049109791 0.3820963024080144 0.27064333116686257 0.28904536104353495
1 0.5314901388013653 0.3859308712970717 0.20806941882984215 0.19494083703942994
2 0.35618617573299627 0.3596097866935287 0.16086713636243816 0.17591812626704142
1 0.2247043506519184 0.3736546268562166 0.1366932508107789 0.13359427088084708
3 0.10112039488715001 0.34158753630074523 0.20224078977430002 0.22619992739850953