1 0.57734375 0.646875 0.16171875 0.209375
1 0.72890625 0.56171875 0.17421875 0.19453125
1 0.44296875 0.11015625 0.046875 0.059375
1 0.30703125 0.321875 0.08125 0.11875
1 0.36640625 0.2703125 0.07109375 0.090625
1 0.07109375 0.33125 0.05703125 0.0984375
1 0.1828125 0.3140625 0.0625 0.0984375
1 0.55546875 0.16640625 0.06953125 0.07421875
1 0.59765625 0.26015625 0.075 0.06875
1 0.71953125 0.18203125 0.07265625 0.06875
1 0.059375 0.2015625 0.03984375 0.06328125
1 0.2390625 0.16328125 0.04140625 0.0609375