1 0.29765625 0.36328125 0.10234375 0.08359375
1 0.3984375 0.371875 0.09140625 0.07578125
1 0.40703125 0.315625 0.08125 0.059375
1 0.5671875 0.278125 0.059375 0.05703125
1 0.50078125 0.275 0.05703125 0.05546875
1 0.62109375 0.24140625 0.04921875 0.05
1 0.47578125 0.259375 0.05078125 0.05390625
1 0.55234375 0.25078125 0.05078125 0.0515625
1 0.66796875 0.21484375 0.03671875 0.04296875
1 0.52421875 0.228125 0.04375 0.040625
1 0.59453125 0.2203125 0.046875 0.04609375
1 0.5015625 0.571875 0.11015625 0.16640625
1 0.1453125 0.44296875 0.11640625 0.0796875
1 0.22421875 0.47109375 0.12421875 0.08515625
1 0.80390625 0.24609375 0.04609375 0.05546875
1 0.0234375 0.51484375 0.04453125 0.07578125