1 0.6857704102580289 0.3104760187087182 0.08122007485477489 0.10311968281352524
1 0.5903658649727587 0.33307787197847893 0.08598034946188075 0.10487318380210837
1 0.7247451730783105 0.26054234429815004 0.07424232878371625 0.08724001482874755
1 0.07181707216868774 0.7903610617492675 0.14363414433737548 0.2481085306460784
1 0.2489274199779386 0.5653252751716898 0.15946069892376152 0.20923703163466173
1 0.1827052605484792 0.5305947895061459 0.1304238622821623 0.15502969269935693
1 0.11123052088756143 0.524929721331088 0.12693498924663302 0.14708985870696817
2 0.8111427837078431 0.44806490753029216 0.15982457195929065 0.21704953163466154
1 0.4541030332935582 0.3121180676435854 0.07936647642635145 0.09680601581733086
1 0.3434480155108779 0.4445087563886096 0.09830056699689198 0.13500635277546902
1 0.25508118238393546 0.3662338591640787 0.0843450748547749 0.103247016805914
1 0.7876858972328596 0.7507906595074585 0.21309942927905431 0.2893993755128822
1 0.3535037198113229 0.3123183388981236 0.06799232878371626 0.08698534684397004