1 0.4534656416422699 0.7716242151002592 0.12512424028009034 0.23949096834337472
1 0.535766333746115 0.15484404383478506 0.041609611248705033 0.05536933847375849
2 0.29156710917728124 0.8041617999205698 0.15917390860088992 0.26662621266133185
1 0.4992659075674326 0.16017247200011808 0.040410984284234355 0.06315456493480816
2 0.4652718972283504 0.15216510308755038 0.04702485731976367 0.07107615909060953
1 0.43901976633493833 0.17607989001918134 0.0452440334984459 0.06636138555165916
1 0.09501732505966266 0.49562041720828437 0.14023550992479744 0.1616932508107789
1 0.26599114288512415 0.3221850969984704 0.0831464478903042 0.10917617694751698
1 0.6913271290313853 0.17089396347870145 0.04182793507002245 0.06005683847375849
1 0.6461794489237616 0.19201103287773646 0.041900709677128486 0.061619338473758486
1 0.34202064185166686 0.22546800974252795 0.05334763192686935 0.07274775324641088
1 0.2344115031003719 0.28207829423852687 0.0726070541766104 0.08401253571381498
1 0.7524722983856422 0.29180075284596435 0.06345037799792799 0.08853639448011297
1 0.3301905758882322 0.18970778774570513 0.04673375889134022 0.06482615909060954
1 0.7167446217926751 0.44801952516709875 0.0887072431755744 0.12800799756436804
1 0.8250345806412339 0.8089240231385038 0.16840335938667828 0.26366485389503397
1 0.9526467536171005 0.7634324707855974 0.09470649276579905 0.2269909683433749