3 0.8869891124285372 0.6457474173413645 0.22602177514292557 0.5357658249391815
0 0.41683041296884227 0.41718451746300156 0.2707788137871489 0.3280714996072165
1 0.15221235226173627 0.377371541958086 0.1213889050794759 0.12099427693097127
1 0.05032990453132173 0.3228835089769905 0.08156251324684391 0.0988920179539809
1 0.9642262076655473 0.32744739011580565 0.07154758466890528 0.1332579275949013
1 0.7231572801218848 0.28696224891984545 0.18621529691210786 0.1432419816532356
3 0.4505158990890261 0.19633166197861143 0.315396854623989 0.21897830073868468
3 0.6924206568935745 0.167276462815492 0.38244051088459124 0.2599850958200286
1 0.2376165950053421 0.20602832796424358 0.07929068511654283 0.0785704275949013
3 0.2901488287632733 0.14462774053203026 0.21494049763774728 0.16059310811666877
1 0.1646602446425224 0.19701187626704136 0.08068949400955025 0.0738920179539809
3 0.1075173780376339 0.12638121369925476 0.17881945916315992 0.11039312021691719
2 0.8083656377410987 0.46789006205336625 0.23551094718226045 0.25756810206654457
1 0.5462450944571879 0.4101265172666098 0.18859625244707062 0.1666885720123153
2 0.3727232597034648 0.33959987294739175 0.13988593393541643 0.15859427088084707
1 0.23618555897782545 0.32162151170746495 0.1227877139724833 0.11631586729005097
3 0.10496035162876408 0.2544653070833965 0.19900796279135702 0.19643061416679294