1 0.5955857316532357 0.14662249793386142 0.03466589149054773 0.05200211575678067
1 0.10619910401145216 0.9253801606221657 0.16486245159900634 0.147055552475544
1 0.658053915396457 0.13751353746698747 0.03781816256778665 0.05687162628012436
1 0.2661396470496927 0.3416513607774575 0.06146474082661779 0.0941742052052021
1 0.1283947282353901 0.4418928264354161 0.09137949980360824 0.13496580517696727
1 0.42288507161953176 0.4177070846102726 0.07410109621281222 0.11833974729857691
1 0.3195050206844554 0.2455429292497787 0.04724770472226432 0.06679265785015547
1 0.45808625253408286 0.28905146359182005 0.050463608313060605 0.08259966837349922
2 0.3689510296614459 0.28173876350711546 0.06797836123992677 0.1398507262518896
1 0.7299152798578377 0.13098354543008242 0.04250566256778647 0.057144642065139896
1 0.24227490017295059 0.26957893970253527 0.05198065651766246 0.07487817363517095
1 0.6298976200205255 0.2681033848079167 0.05519656010845857 0.0906851841585147
1 0.7866561592481369 0.21208235600989583 0.05507838544042354 0.07037268415851469
1 0.7830362555591448 0.2615286191640755 0.05674087939029935 0.08765118942018653
1 0.4029442345801019 0.21411164775033478 0.044122704722264317 0.06661064732681181
1 0.8490107135028631 0.1834421455430219 0.05664997579950324 0.07202618942018657
1 0.4292612948849522 0.17037705830191335 0.03624657220870695 0.05521812101845249
1 0.4800652707826513 0.17132563729757827 0.03782725292686635 0.05843412628012441
1 0.7712872519449075 0.6600039165191222 0.1355476563212706 0.209388952503779
2 0.9471123910977642 0.7222855666885313 0.10577521780447156 0.3235578683170294