1 0.15625 0.1591193666454555 0.0625 0.0694772533418178
1 0.0765625 0.15926536465627322 0.06875 0.07267497867599956
1 0.275 0.1710188352960017 0.075 0.07118520401018133
1 0.68984375 0.8771291912396861 0.3578125 0.23385102538190666
1 0.23125 0.25121541263527414 0.075 0.07431020401018137
1 0.3734375 0.23315466128263868 0.09375 0.07296588001272672
1 0.35703125 0.5114705652848659 0.1828125 0.178689716024817
1 0.365625 0.2801205679503659 0.1046875 0.0902806493475448
1 0.47109375 0.24139332793604837 0.10625 0.09029883068109026
1 0.228125 0.8082830253023652 0.25 0.30290901336727105
1 0.85703125 0.46268378855032355 0.203125 0.1664260733609078
1 0.02421875 0.3926869393300456 0.0421875 0.12861589600572695