1 0.0453125 0.9359375 0.08828125 0.128125
1 0.09609375 0.78046875 0.13828125 0.21328125
1 0.17890625 0.64140625 0.07890625 0.15390625
1 0.5921875 0.896875 0.12421875 0.20546875
1 0.42890625 0.8390625 0.1 0.23125
1 0.21875 0.89140625 0.14921875 0.21640625
1 0.4375 0.63828125 0.08828125 0.1609375
1 0.5828125 0.73046875 0.09453125 0.18515625
1 0.23828125 0.50625 0.0875 0.140625
2 0.01796875 0.43203125 0.03359375 0.13125
1 0.29375 0.684375 0.115625 0.19609375
1 0.1328125 0.34296875 0.06640625 0.078125
1 0.2046875 0.2734375 0.046875 0.0609375