1 0.4078125 0.51328125 0.05078125 0.06484375
1 0.46015625 0.5109375 0.05390625 0.07421875
1 0.35625 0.578125 0.05234375 0.078125
3 0.2140625 0.825 0.42578125 0.35
1 0.41953125 0.5546875 0.0625 0.06640625
1 0.57578125 0.8953125 0.10078125 0.18671875
3 0.3421875 0.671875 0.175 0.259375
1 0.83984375 0.975 0.11796875 0.05
1 0.50390625 0.52578125 0.05390625 0.06640625
1 0.51484375 0.4640625 0.05703125 0.05546875
1 0.56875 0.5609375 0.05078125 0.071875
1 0.6515625 0.53828125 0.04453125 0.07421875
1 0.56796875 0.4546875 0.05234375 0.05
1 0.61015625 0.49375 0.040625 0.05546875
1 0.63203125 0.44296875 0.034375 0.04453125
1 0.54453125 0.63203125 0.065625 0.0984375
1 0.75390625 0.7703125 0.14453125 0.15
2 0.65390625 0.41796875 0.03359375 0.05