1 0.04609375 0.68984375 0.090625 0.2015625
1 0.33203125 0.88515625 0.13671875 0.2296875
1 0.18359375 0.45078125 0.08046875 0.1109375
1 0.45078125 0.41875 0.06875 0.1390625
2 0.6921875 0.2140625 0.03671875 0.06640625
1 0.3890625 0.33828125 0.05078125 0.0796875
1 0.7546875 0.34609375 0.059375 0.078125
1 0.4890625 0.28828125 0.040625 0.0703125
2 0.4515625 0.21640625 0.0375 0.0703125
1 0.70078125 0.48203125 0.07265625 0.10703125
1 0.4 0.2015625 0.034375 0.0484375
1 0.90234375 0.51796875 0.09921875 0.13671875
2 0.9734375 0.3703125 0.053125 0.10703125