1 0.2140625 0.23125 0.05078125 0.04609375
1 0.27421875 0.246875 0.046875 0.04609375
1 0.9703125 0.45703125 0.059375 0.0796875
1 0.80859375 0.515625 0.12421875 0.11640625
1 0.940625 0.53125 0.11875 0.115625
1 0.846875 0.43359375 0.10625 0.10390625
1 0.82109375 0.3796875 0.10234375 0.08359375
2 0.69140625 0.353125 0.103125 0.14296875
1 0.33515625 0.2953125 0.04296875 0.06328125
1 0.70078125 0.34140625 0.07109375 0.090625
1 0.62578125 0.40390625 0.09375 0.0984375
1 0.59921875 0.32109375 0.06015625 0.06875
1 0.30078125 0.36015625 0.05546875 0.078125
1 0.38515625 0.378125 0.05078125 0.07578125
2 0.4109375 0.3 0.04609375 0.08125
1 0.2890625 0.4765625 0.06953125 0.1203125
1 0.50859375 0.2734375 0.05234375 0.06328125
1 0.58984375 0.271875 0.06171875 0.06875
1 0.39453125 0.5046875 0.06953125 0.121875
1 0.52578125 0.24140625 0.04296875 0.05546875
1 0.38359375 0.696875 0.0875 0.2015625
1 0.23359375 0.803125 0.109375 0.21484375
1 0.44453125 0.22890625 0.03828125 0.05
1 0.47890625 0.2140625 0.040625 0.05546875
1 0.5296875 0.21640625 0.04375 0.04453125