2 0.07734375 0.5390625 0.153125 0.18515625
1 0.11640625 0.45546875 0.134375 0.10390625
1 0.82421875 0.165625 0.03671875 0.0515625
1 0.69140625 0.28203125 0.06484375 0.0796875
1 0.4421875 0.296875 0.08046875 0.08515625
1 0.76953125 0.33203125 0.06796875 0.09296875
1 0.84453125 0.46953125 0.08515625 0.15546875
1 0.43359375 0.20390625 0.06015625 0.0703125
1 0.47265625 0.21640625 0.06171875 0.0609375
1 0.6140625 0.203125 0.05390625 0.05703125
1 0.475 0.87265625 0.1875 0.2546875
1 0.628125 0.15859375 0.04609375 0.0484375
1 0.9421875 0.85625 0.115625 0.284375