3 0.49140625 0.13671875 0.07890625 0.23359375
1 0.66796875 0.59140625 0.11953125 0.221875
1 0.92734375 0.8296875 0.14453125 0.29609375
2 0.77421875 0.378125 0.11484375 0.20703125
1 0.61484375 0.28359375 0.06484375 0.11640625
1 0.59765625 0.190625 0.04921875 0.08515625
1 0.57578125 0.1046875 0.03671875 0.0515625
1 0.71953125 0.06796875 0.03671875 0.0515625
1 0.81875 0.1015625 0.053125 0.05546875
1 0.6015625 0.059375 0.03046875 0.04453125
1 0.54296875 0.0484375 0.02734375 0.03671875
1 0.78046875 0.2015625 0.06953125 0.08515625
1 0.46875 0.1234375 0.04921875 0.06484375
1 0.93515625 0.2796875 0.09453125 0.11328125
3 0.41484375 0.68984375 0.32421875 0.6015625