1 0.6996974377801568 0.2110866687128409 0.04226170783841639 0.05743206677218975
1 0.7891236506331383 0.22099521463534808 0.04368781551854841 0.05279003087881247
1 0.7569021840192331 0.24226246087442443 0.04207985141192587 0.05118206677218975
1 0.4591108563599837 0.46126147961253583 0.09408027210332381 0.12138691818411544
1 0.7077181894295095 0.3523792584462842 0.06656302586424748 0.08780152837152996
1 0.816931716547398 0.42426496714263057 0.09403480799670091 0.11982441818411545
1 0.858067530416594 0.3331482221571955 0.0645913489046432 0.07369356426490725
1 0.3913908442857898 0.2568073118241318 0.05512542069139794 0.07029577962517113
1 0.7143068217202476 0.4444530981797275 0.08108016693047429 0.10383570533113406
1 0.9276442445232167 0.3326875694124862 0.06468227711788863 0.07681856426490725
1 0.5830184031404207 0.20509874465623068 0.040562815518548415 0.05269910266556703
1 0.7434046029947714 0.6383023865803873 0.1299101235152495 0.1723871285298145
1 0.9337531551854849 0.48889210530586347 0.09675063103709718 0.10585284639736088
1 0.8955641480593488 0.7081565823446099 0.14562605172849494 0.17596676959604132
1 0.7512926254938066 0.9093961365803873 0.1868588054894186 0.1443818004748536