1 0.19190240479579654 0.4990111964425621 0.12078147881213823 0.1474272717116218
1 0.7749453340455753 0.20906067017831723 0.03241765785015538 0.04825771753501122
1 0.7078789313865045 0.23476483746565951 0.040503173635170954 0.05330909057054054
1 0.3455209574831022 0.4477312944567008 0.10083299985882563 0.15273120181924557
1 0.4818988022637827 0.408114484489122 0.06721686305535748 0.11065070967712849
1 0.40702833390440085 0.33995948986580554 0.07135833148532651 0.10149403349844599
1 0.3454692076242766 0.299694054795783 0.058873742036904986 0.07442211124870504
1 0.6726001259977756 0.3647947857702484 0.05473227360693613 0.08357878742738745
1 0.3188843208208085 0.2579410483856422 0.055202710466874014 0.06490156203449331
1 0.4690740366199414 0.25480754797135746 0.04895271046687384 0.06461046360606985
1 0.5390302208490433 0.23858754259467396 0.0426117052052021 0.0627568651776464
1 0.48417612087727824 0.2064257059530748 0.03912268415851479 0.056361315963434765
1 0.7536574941030436 0.6997006327509296 0.12554457352223167 0.17569782092583353
1 0.4395160682605598 0.18876301695411077 0.03894067363517095 0.05323631596343472