2 0.68359375 0.1765625 0.028125 0.05546875
1 0.2515625 0.60078125 0.10703125 0.17421875
1 0.740625 0.18984375 0.034375 0.0515625
1 0.70859375 0.23828125 0.0375 0.06328125
1 0.40390625 0.55390625 0.08671875 0.14296875
2 0.6515625 0.246875 0.03828125 0.078125
1 0.8265625 0.2140625 0.04140625 0.05703125
1 0.30390625 0.340625 0.05859375 0.0796875
1 0.19609375 0.36875 0.06875 0.090625
1 0.81953125 0.27890625 0.053125 0.06640625
1 0.36015625 0.253125 0.040625 0.06328125
1 0.31953125 0.22890625 0.04375 0.06875
1 0.40078125 0.203125 0.034375 0.05390625
1 0.91171875 0.29453125 0.059375 0.07421875
1 0.9515625 0.49296875 0.096875 0.1140625