3 0.6346173185915515 0.5567184151829847 0.7232924131445039 0.7202219602224048
0 0.1966418060096497 0.45736466639750545 0.25372856655636594 0.3074614926931041
1 0.07272701907801875 0.48686302597458225 0.1257557508107789 0.13496710957707697
1 0.019851029628030294 0.46443464691574493 0.03970205925606059 0.10863070616851012
1 0.8590714423720878 0.270855232960462 0.22528419236879244 0.19918534253094827
1 0.5956947349857616 0.28091957427359426 0.19661372158978557 0.16744441882984215
1 0.8868476148553779 0.2008603327983062 0.13707508035608384 0.15703302434972918
3 0.3384958896121442 0.25026345820040036 0.33440582223840887 0.27606721671852175
3 0.5788811562512357 0.17030935674099837 0.4055092548679687 0.32260702597128704
1 0.15705892897940715 0.3088823019491646 0.0922068652591197 0.09220686525911966
3 0.19893851177112282 0.2362981899364558 0.23937396590774282 0.20099330438150131
1 0.08427994805413065 0.3171817715103554 0.09215231818121905 0.08908186525911974
3 0.056930064124029255 0.26069599228936224 0.11386012824805851 0.14423301542127548
2 0.7577974943212524 0.4350734659143334 0.2770296988616142 0.30005809577735915
1 0.4921997678602027 0.4381474675358912 0.2144012394466932 0.2021194277582959
2 0.3107276254086847 0.4092935848236058 0.1656637305182395 0.1840864480508353
1 0.1738043238665572 0.4233987694817606 0.14143529788867956 0.13836484496658025
3 0.07417606534184526 0.3846010965914333 0.14835213068369052 0.22767280681713337