1 0.4609375 0.3265625 0.07734375 0.06484375
1 0.52109375 0.28984375 0.06796875 0.059375
1 0.57578125 0.259375 0.05703125 0.0515625
1 0.61640625 0.23984375 0.04765625 0.0515625
1 0.37890625 0.371875 0.090625 0.07421875
1 0.24765625 0.39375 0.10390625 0.07421875
1 0.36171875 0.34140625 0.08125 0.071875
1 0.4484375 0.3015625 0.06875 0.0609375
2 0.50625 0.26015625 0.06171875 0.05546875
1 0.5671875 0.23125 0.05 0.0515625
1 0.51875 0.23359375 0.053125 0.04296875
1 0.08984375 0.46015625 0.13984375 0.10546875
1 0.28203125 0.43046875 0.109375 0.08125
1 0.128125 0.50546875 0.14140625 0.09453125
1 0.46015625 0.26015625 0.06171875 0.04296875
1 0.396875 0.29375 0.06328125 0.05390625
1 0.71484375 0.27421875 0.06328125 0.0609375
1 0.79140625 0.221875 0.04921875 0.04453125