1 0.13280999855676714 0.8892852137974506 0.20564649420903178 0.2214295724050988
1 0.1866349735353765 0.7411300358097659 0.1283904813887502 0.17413745764913066
1 0.6571571811455904 0.8735900953290493 0.17857457195929066 0.2119192587805987
1 0.48531856844914323 0.8712104333995357 0.17763281017246654 0.25757913320092846
1 0.2841156333791207 0.9287976865718918 0.19888276385373888 0.14240462685621652
1 0.44935760546224596 0.6707640354169825 0.13998295285270287 0.18826359016268784
1 0.617904244213541 0.7264469297362005 0.15321069892376152 0.20396131303532491
1 0.2185849485139859 0.5920567315550398 0.1324957845319033 0.16166472872636958
1 0.3103785345364125 0.7856118097156752 0.18620728949430204 0.24164312021691714
2 0.24593516067231375 0.49140729176169423 0.12312078453190338 0.16161018657189175
1 0.5628614873891153 0.5995299057320954 0.1207963052100677 0.17877950585373234
2 0.012029003309768886 0.590765900565734 0.02405800661953777 0.13465680113146802
0 0.5259737251880063 0.4016054901392468 0.13119014970954979 0.20070904800821018
1 0.34517318135047814 0.4747924843837102 0.08976032092583344 0.11611587939029935
3 0.2433667404894873 0.31165615924813694 0.1604410020669146 0.19150676483072288