1 0.5438293232361596 0.3012553936726293 0.08334326805616747 0.10607845048646736
3 0.033633411618079846 0.4899431615262415 0.06726682323615969 0.360738676947517
1 0.00345480517999235 0.8996863543020712 0.0069096103599847 0.13812729139585755
1 0.1593427066312712 0.3782362739459874 0.10145835099579185 0.13294095941492107
1 0.664241026957024 0.318672944403978 0.06399306733052797 0.08856366801906326
2 0.3479414151614589 0.38821742573299634 0.10892859981466554 0.21271028003177211
1 0.7961482474681112 0.47642912297634804 0.10302085099579195 0.13296823295387145
1 0.33108378657567084 0.31199584496987554 0.07731152286549073 0.11221935633066593
3 0.25164431243638646 0.2392089557647684 0.1848561827542901 0.24058190990138845
1 0.4356720828548065 0.29065090462967796 0.0609771947351895 0.09163412094116259
1 0.9059522563689679 0.9094034898603208 0.08174605172143146 0.1497739034085665