1 0.56640625 0.08566790786949824 0.0453125 0.07266593262955985
1 0.51015625 0.11671731046728599 0.0578125 0.09007162094116258
1 0.65390625 0.10047647605071727 0.0609375 0.07762616801906326
1 0.5359375 0.1890423238599666 0.0640625 0.09955571509696393
1 0.63671875 0.17595771712226355 0.071875 0.10125458279171565
1 0.7046875 0.2990191160666033 0.1078125 0.16125687418757345
1 0.8390625 0.2919896404163326 0.1203125 0.15835006249917621
1 0.7140625 0.5538702573003054 0.1640625 0.23411372158978577
1 0.23046875 0.21886659699517513 0.059375 0.09009889448011296
1 0.0734375 0.8815363721589786 0.08125 0.23692725568204268
2 0.2515625 0.49657853977100475 0.1375 0.24771257142762995
1 0.4296875 0.3559377232113435 0.0953125 0.1547886858759707
1 0.34609375 0.1615098388775003 0.0578125 0.08382162094116259
1 0.41875 0.14949680843869112 0.059375 0.09478639448011292
1 0.41796875 0.09792067166921595 0.0453125 0.07266593262955987
1 0.371875 0.040866102270180914 0.0390625 0.04755683847375849