1 0.675 0.31875 0.08984375 0.11328125
1 0.08671875 0.7140625 0.171875 0.2109375
1 0.81796875 0.23828125 0.06328125 0.1
1 0.24609375 0.31796875 0.11484375 0.1
1 0.96171875 0.21171875 0.07578125 0.08515625
1 0.0828125 0.4140625 0.16328125 0.11328125
1 0.07734375 0.49375 0.15234375 0.1609375
1 0.7921875 0.34375 0.11171875 0.11640625
1 0.3265625 0.41953125 0.17421875 0.15390625
1 0.48046875 0.25078125 0.109375 0.09296875
1 0.33671875 0.328125 0.1375 0.128125
1 0.87109375 0.39375 0.128125 0.1296875
1 0.57890625 0.53125 0.18515625 0.17421875
1 0.9484375 0.4828125 0.103125 0.165625
1 0.58359375 0.27890625 0.11015625 0.10546875
1 0.59609375 0.23359375 0.09765625 0.08359375
1 0.35625 0.86796875 0.325 0.2640625
1 0.60234375 0.18125 0.08359375 0.078125
1 0.740625 0.2015625 0.08359375 0.08359375