1 0.43984375 0.7953125 0.08984375 0.21484375
1 0.50234375 0.20625 0.034375 0.05
2 0.2828125 0.825 0.1125 0.23359375
1 0.46640625 0.21328125 0.034375 0.05
2 0.43203125 0.20625 0.03515625 0.05703125
1 0.41796875 0.23828125 0.03984375 0.05703125
1 0.01328125 0.70390625 0.025 0.10390625
1 0.16484375 0.50390625 0.09375 0.1390625
1 0.58359375 0.1859375 0.025 0.0390625
1 0.26640625 0.353125 0.06015625 0.078125
1 0.10625 0.46640625 0.090625 0.1109375
1 0.65546875 0.240625 0.03828125 0.059375
1 0.25546875 0.30703125 0.05078125 0.06328125
1 0.63046875 0.3109375 0.04375 0.06875
1 0.67734375 0.44921875 0.06640625 0.10390625
1 0.77109375 0.3953125 0.059375 0.08671875