0 0.6809598564380875 0.28753305836358833 0.08227184137714509 0.12193334980971962
1 0.9000868901881696 0.664687101861248 0.17359130054030486 0.2348737015966055
1 0.7418626732204613 0.5794459857399061 0.09004962504240907 0.16593801779449713
1 0.7202282314804964 0.45140189878176773 0.07613096878180663 0.1248036818249421
1 0.7395560956383143 0.3570125702265864 0.06933533175849824 0.10892401384016441
1 0.7722123390148923 0.30919449414286304 0.056126003628197196 0.0881021778706093
1 0.8121180872007938 0.26791291954201446 0.04949405771188111 0.0769100098858317
1 0.9813740626060226 0.9252864318621231 0.037251874787954976 0.1494271362757537
1 0.8350818720471841 0.2329622579830275 0.05218254809323426 0.06453734387822055
1 0.6387401955377978 0.8859606756648877 0.26399804573098146 0.22807864867022473
2 0.4725074609772585 0.17138018186212306 0.051746038474587405 0.052037343878220545
1 0.5781597494518458 0.2256140371090501 0.07238592068857237 0.062240014828747636
1 0.274657848170203 0.8279963019006168 0.26581351687504096 0.19494372136826926
1 0.8842634165122213 0.21156210186124805 0.07076885698624161 0.06061384783255317
1 0.7588814705959053 0.1955312421656967 0.0672619110699257 0.049549013840164455
3 0.1535144135169964 0.21845286414417558 0.211924625042409 0.1709040434976597