0 0.55390625 0.29453125 0.184375 0.23359375
1 0.29140625 0.23828125 0.07890625 0.090625
3 0.25859375 0.14921875 0.175 0.13671875
2 0.3625 0.29609375 0.09375 0.11875
1 0.9140625 0.3234375 0.08125 0.0890625
1 0.60078125 0.4765625 0.12890625 0.128125
2 0.41015625 0.21875 0.08125 0.09296875
1 0.42734375 0.43046875 0.096875 0.121875
1 0.81796875 0.26953125 0.08671875 0.09296875
1 0.77734375 0.31484375 0.07890625 0.0984375
1 0.66796875 0.26875 0.078125 0.0890625
3 0.8453125 0.4296875 0.309375 0.38125
1 0.67890625 0.2234375 0.06953125 0.07578125
1 0.86640625 0.71015625 0.18359375 0.20546875
2 0.64140625 0.703125 0.14140625 0.2390625
1 0.73828125 0.215625 0.06640625 0.071875
1 0.68984375 0.165625 0.05234375 0.0609375
1 0.6328125 0.17421875 0.053125 0.06640625