1 0.550232770586985 0.95859375 0.1226766335443795 0.08125
1 0.368437201307513 0.97734375 0.1356934590920577 0.0453125
1 0.16395428978731502 0.9703125 0.1423526360516619 0.059375
1 0.5467848248227625 0.80859375 0.09884197994174038 0.175
1 0.39579898634296046 0.815625 0.10201244404836292 0.1765625
1 0.2449124362638182 0.84609375 0.12268865690134448 0.1890625
1 0.07518495797143052 0.8796875 0.13348976458147638 0.184375
1 0.029477933690028702 0.79375 0.058955867380057404 0.1625
1 0.4321409662847008 0.640625 0.09057483887551339 0.159375
1 0.2974644379131708 0.7046875 0.09007473370266403 0.1421875
1 0.14864049300687804 0.71796875 0.10848976458147637 0.184375
1 0.32990251636384305 0.61015625 0.07680184389007838 0.115625
1 0.22661839199066364 0.615625 0.0799723079967011 0.1171875
1 0.34601090116186367 0.53984375 0.067063131037097 0.103125
1 0.2682950781214678 0.52578125 0.0683983105039836 0.0953125
1 0.3775396974800823 0.4765625 0.056915241224511345 0.0765625
1 0.29327835774663896 0.47265625 0.052136813011266006 0.0734375
1 0.3751110309453194 0.42578125 0.04726745658477531 0.0671875
1 0.3056025129986307 0.425 0.04735838479802066 0.0703125
1 0.3315117951310843 0.39375 0.04726745658477523 0.0671875
1 0.350458023423472 0.36015625 0.03931856426490725 0.0625
3 0.3993956285963215 0.34296875 0.07449519780928675 0.14375
3 0.10985105845891949 0.5671875 0.21970211691783897 0.340625
3 0.2041991373718101 0.41953125 0.12434208511458973 0.1921875
3 0.2617592362764535 0.34765625 0.09324519780928667 0.14375
3 0.3228846043814267 0.2875 0.0993588054894186 0.1390625
3 0.4110976582214926 0.28984375 0.057960915676833126 0.1125
0 0.9590948890211628 0.278125 0.05990384890464355 0.071875
1 0.9511710772635379 0.3625 0.04575042069139812 0.06875
3 0.18363423627645345 0.34765625 0.13097251834240006 0.1515625
1 0.5582741865930225 0.22578125 0.026136602665567034 0.0390625