1 0.64375 0.14453125 0.03828125 0.0609375
1 0.68359375 0.17421875 0.03671875 0.059375
1 0.684375 0.22421875 0.05 0.07578125
1 0.73828125 0.3140625 0.07421875 0.10390625
1 0.66796875 0.47890625 0.09140625 0.1609375
1 0.88828125 0.45546875 0.10703125 0.1515625
1 0.93359375 0.83046875 0.13203125 0.278125
1 0.07578125 0.81875 0.14921875 0.2515625
1 0.328125 0.2359375 0.05390625 0.07421875
2 0.484375 0.47578125 0.075 0.18359375
1 0.41015625 0.33046875 0.065625 0.10390625
1 0.40703125 0.19375 0.03828125 0.06328125
1 0.44375 0.22890625 0.04921875 0.07421875
2 0.4671875 0.12890625 0.02734375 0.059375