1 0.45386979195025673 0.39104017398066404 0.09593437697836435 0.16144656010845856
1 0.48139949118203107 0.6709731136758137 0.1450003980092635 0.29294199980360813
1 0.4355702555426679 0.9323999304235716 0.18533106965141818 0.13520013915285672
1 0.6927496647447496 0.12750543568812894 0.0605900192218769 0.08313975292686622
0 0.5968882881050694 0.0628656978865732 0.07497342378986112 0.11914997579950318
1 0.0717267565587207 0.2567454245698392 0.09248847241038013 0.12549996974937896
1 0.43850590004542855 0.08773336679907162 0.06198874491161739 0.08002384328594588
3 0.016149543193452083 0.43919885538619424 0.032299086386904166 0.3221477107723885
1 0.7151359198331322 0.20734747179248245 0.09767393939369348 0.10522383118569749
1 0.5470786386254678 0.17823616783234392 0.06798643939369349 0.1050511143631847
1 0.21061883819592647 0.2309828761688455 0.08459408525525039 0.1238920179539809
1 0.797234689620836 0.3258298270804808 0.12792800542706698 0.14601245764913057
0 0.28952841022219383 0.246290234481906 0.1435264292169281 0.26481699980360834
3 0.21552210142490952 0.0926879906302261 0.12307008706427265 0.1725385962128121
1 0.7899257213943274 0.5547633481577197 0.1822680246489437 0.22911584913967822
1 0.12556880879728433 0.15390222570130732 0.07473440637700661 0.0847840661585828
1 0.7540613059722092 0.8804518714839584 0.281278734734852 0.23909625703208306
1 0.945301538898039 0.6916462455019999 0.04830910447712711 0.20646816861791084
1 0.3139153358210773 0.07919363807270222 0.04538109905006031 0.06118293969514967
1 0.36950691655377194 0.07717259582002864 0.04077548620519007 0.06271816861791082
1 0.2848962211671847 0.1259141019683487 0.04390048620519007 0.06273634933607006