1 0.6895609071068376 0.3413319382814037 0.0944863190854491 0.12983632213985138
1 0.08136005469660751 0.7631026899258663 0.16272010939321502 0.25885418874473987
1 0.845520536497137 0.2623860266633239 0.07257495764913066 0.1228224303072194
1 0.1084240157144857 0.4359052728654908 0.1868192648307229 0.15805558057737185
1 0.9689489461380575 0.26825905914746145 0.052117011903856536 0.09711310217691818
1 0.984178515518094 0.33677344617077 0.024119276930971267 0.11800595553496276
1 0.34983987695441243 0.30837058302444253 0.12409200585373252 0.11681053248413757
1 0.21731722668326597 0.5225372320286507 0.2041067587805987 0.17584328130301116
1 0.7586558198710159 0.41876002303512677 0.14769313231716552 0.1457539880191005
1 0.9842143560735653 0.4649257280219355 0.027371541958086 0.13999008293962448
1 0.45759783479993477 0.32151047848527164 0.11161927693097126 0.12106152286549073
1 0.8152007356602564 0.504345348170203 0.1761544756031114 0.20454863466105594
1 0.6629080243968886 0.22162707349061375 0.09425906010845857 0.09077382213985138
1 0.23197812773997936 0.8231101509031247 0.32352944535249045 0.2956151226801563
1 0.6402673507108121 0.8759586151496851 0.2874828610435351 0.24808276970062976
1 0.11610716716398255 0.9915426592558271 0.22822499394987578 0.016914681488345806