3 0.696875 0.58671875 0.60625 0.5296875
0 0.2859375 0.37578125 0.17421875 0.24296875
1 0.1703125 0.3734375 0.09140625 0.1015625
1 0.09765625 0.3359375 0.08125 0.08671875
3 0.03671875 0.28125 0.07109375 0.14453125
1 0.9109375 0.365625 0.178125 0.140625
1 0.67578125 0.31328125 0.153125 0.11640625
1 0.95 0.3109375 0.1 0.121875
3 0.45390625 0.225 0.26484375 0.1890625
3 0.68359375 0.2109375 0.32421875 0.21640625
1 0.28203125 0.234375 0.06796875 0.06875
3 0.33359375 0.1796875 0.1875 0.1390625
1 0.215625 0.22421875 0.06875 0.06484375
3 0.16796875 0.15859375 0.15625 0.09453125
2 0.78671875 0.4890625 0.2 0.228125
1 0.55078125 0.42890625 0.1625 0.14609375
2 0.396875 0.36015625 0.11796875 0.140625
1 0.27265625 0.33984375 0.10546875 0.1015625
3 0.15078125 0.27578125 0.184375 0.171875