1 0.7317509638876654 0.24810762437637263 0.052455366604888455 0.07293288896415202
1 0.268377878416152 0.7419572851643934 0.20055559382421578 0.2943652329258297
2 0.7981646483712359 0.29620096562451687 0.05429068511654282 0.08082727611928178
1 0.7286829836731131 0.42561514868663214 0.08161707694917482 0.10409435775648763
1 0.8350867510963085 0.44919316881302007 0.07682044954451328 0.10072369629109837
1 0.890022276957024 0.37771763850986684 0.06873513103285873 0.09250176051544959
1 0.47437248430608536 0.2894065745126582 0.06388393992586625 0.08756859905006031
1 0.32943449573883077 0.22624043193046153 0.06684524881887369 0.08304487336031982
1 0.4679439242319516 0.20454025158187966 0.05056548439090332 0.06347600180902227
1 0.7698015130772079 0.5929155133405247 0.1128323606144388 0.149400213703953
1 0.49112596388766533 0.23549700248639086 0.05708830290255769 0.07161605042954129
1 0.9789632366683382 0.4755177306625222 0.015555567330527964 0.08815509724103805