1 0.1455901460852688 0.6305387081971051 0.2135374306969986 0.22711942775829588
1 0.8046522320178173 0.14526859902047476 0.04925566000954511 0.07115797970746054
3 0.8643272240213171 0.17208624350058768 0.09453289202736244 0.20317163879807007
1 0.3345322780474069 0.3549871034879969 0.11068405601527206 0.11440914772652384
2 0.7161533533577261 0.19215150730030536 0.05098179201145392 0.08524775324641087
2 0.4358027820257716 0.19741215705871934 0.06033861067790873 0.08384889448011293
1 0.5616022133593169 0.2011701769442217 0.06658861067790874 0.0839579886359143
1 0.974002216024817 0.45837039122711143 0.051995567950365994 0.1525443474022122
1 0.6688174660645879 0.48735886728441935 0.13027039735836254 0.18661143019392784
1 0.52527381468809 0.16694913554836388 0.061701116008908666 0.06668866801906326
1 0.8381583594048149 0.541085659491056 0.11466357869190809 0.1879011948044244