1 0.6340194132530017 0.09255474391314036 0.033707142065139986 0.04255112667090888
2 0.3465825135071155 0.3629057959500478 0.12351163666229378 0.19037155601527206
1 0.6264736818100275 0.23551440324636763 0.06741428413027979 0.08510225334181776
1 0.6205135661944212 0.41827235924573125 0.11398544724210709 0.13404883068109025
1 0.450577581697088 0.11889161927118468 0.040503173635170954 0.05199885200509069
1 0.5146701737763454 0.09082061592936688 0.03554265785015538 0.04725680800445435
1 0.5632819790238998 0.07385983525623083 0.03398015785015538 0.047238626670908904
1 0.6218430348361516 0.6501308865770495 0.17753127872743377 0.23315904002227156
1 0.8137288850196782 0.8407360632161417 0.20322849971765108 0.2990385786919081
3 0.888581755755782 0.5072781258752784 0.18716242591307122 0.4253283586887262
3 0.7720382688393745 0.43056217922505047 0.2730089206513993 0.42476583203372564
3 0.3820026159685422 0.18370864461332065 0.12213114718563745 0.19347837468172657