0 0.59453125 0.62890625 0.29609375 0.259375
1 0.66640625 0.1296875 0.07109375 0.05390625
1 0.03828125 0.434375 0.07421875 0.1203125
2 0.54921875 0.24453125 0.103125 0.09453125
1 0.20546875 0.31171875 0.12421875 0.09453125
1 0.41640625 0.1515625 0.06875 0.05703125
1 0.38671875 0.36640625 0.14609375 0.1203125
3 0.48515625 0.16640625 0.25390625 0.1484375
1 0.64765625 0.2015625 0.09375 0.0703125
1 0.60234375 0.32109375 0.1375 0.1
1 0.76328125 0.22890625 0.10234375 0.07421875
1 0.24296875 0.17890625 0.09296875 0.0484375
1 0.24140625 0.2046875 0.084375 0.0609375
2 0.9625 0.1828125 0.075 0.078125
1 0.96953125 0.2296875 0.06015625 0.071875