0 0.5099748705352447 0.672049105526424 0.35404120533620986 0.3234803996950003
1 0.42108934871137604 0.17406358757465315 0.08830558344622812 0.07696384992375008
1 0.9688739942342487 0.3933150014217023 0.02769563206674732 0.08179551386770836
1 0.9641964603130508 0.43779170003493134 0.032956342152655436 0.09284211664125017
2 0.37392774366842196 0.17844130983923642 0.11305327792830414 0.10250936379145843
1 0.5118062019453079 0.2191962092498963 0.12538950361804452 0.09967530452090285
1 0.860430730439439 0.32821471865229246 0.1388721494796016 0.11871624525034737
1 0.4689226611267049 0.23149553428802125 0.11741322930778501 0.09636846656500006
1 0.7357449909548884 0.2596075761754867 0.13254026232447186 0.11700827488562507
1 0.6018746019907364 0.30655269851631994 0.13722776232447184 0.11711737765916679
1 0.6383244363414756 0.20806130033993112 0.1012150192218769 0.08506729065319449
1 0.6241933372914154 0.26874422720166724 0.12727955223856355 0.10596167211208343
0 0.7649135125516145 0.32990254559027843 0.18952060266810503 0.16203114057694457
2 0.7197448547042699 0.2365512826725006 0.14947545680654795 0.14237195079743073