1 0.47265625 0.21484375 0.053125 0.078125
1 0.66640625 0.5484375 0.10703125 0.21328125
1 0.58515625 0.16015625 0.04296875 0.0703125
1 0.33515625 0.8703125 0.19609375 0.259375
2 0.54453125 0.24609375 0.05234375 0.128125
1 0.72265625 0.0984375 0.03828125 0.059375
1 0.65390625 0.17890625 0.04609375 0.0796875
1 0.81328125 0.13203125 0.04765625 0.06875
1 0.77734375 0.20390625 0.05859375 0.08671875
1 0.5796875 0.1109375 0.04140625 0.06640625
1 0.64296875 0.10390625 0.03984375 0.0609375
1 0.88046875 0.25546875 0.07578125 0.10390625
3 0.49140625 0.11328125 0.128125 0.1609375