1 0.7493159995457147 0.8530714996072165 0.3874335594746528 0.29385700078556704
1 0.15039498416902514 0.44058461426498885 0.13294305404758594 0.15228972872636942
1 0.04142169662978261 0.29858749092481374 0.03344766508343387 0.10172612646343318
1 0.9914471514579659 0.6463019292452212 0.017105697084068082 0.17525453005422928
2 0.8228708497274289 0.5155690379510652 0.24336265490666875 0.2622737827847038
1 0.5777420561952924 0.42823162265280407 0.19165631275401332 0.16981357201231528
2 0.4164117305509805 0.3452867915653025 0.14601626413349428 0.1632999515990064
1 0.2872255195605611 0.3093896773003137 0.1263721494796016 0.11632495764913049
3 0.16380462969189788 0.23447551483072293 0.21640400723608924 0.19494992739850953
1 0.07359238749381403 0.2269215691836449 0.07292624491161734 0.08008747579950315
1 0.047732572364951625 0.210369873438371 0.03625176051544957 0.06581589754067192
2 0.8767528084007996 0.44094174267332953 0.24649438319840086 0.2326862767345796
1 0.6411184814554917 0.3708054629136878 0.16723616689245624 0.15092721662612102
1 0.4848032044316987 0.2941379029034251 0.14733974672063965 0.12894313231716562
1 0.9257070861597615 0.3826843359592754 0.14858582768047696 0.16501698770335996
1 0.5930284622336148 0.28773843285945855 0.1472578595655099 0.12738063231716562
1 0.3695732728399214 0.18178282776785187 0.08213747060135787 0.0770170179539809
1 0.18158859396167765 0.14163857503737737 0.05952548620519007 0.06282725292686626
1 0.15259049072774583 0.18442551785578504 0.06585737336031983 0.06442611436318471
1 0.12488489258219668 0.14755677693097133 0.04604284034363308 0.04400453005422929
1 0.919031040252776 0.21934399862525789 0.14306832654882343 0.10704995159900639
1 0.7673114099950512 0.18565882415361462 0.12678822930778502 0.09445904800821019
1 0.6278427962456699 0.16219807737506842 0.11075379353213641 0.086555644417414
3 0.4693032779283041 0.10269983664664646 0.22200555404758598 0.15280787919390765
1 0.9956234384891822 0.20420533283601744 0.008753123021635644 0.0750999939498758
1 0.906909498529662 0.1817849112912404 0.13254690637700647 0.08512040944452867
1 0.7586424168924563 0.1543679175377563 0.1168400192218769 0.08346700585373248
1 0.6362384724103801 0.12866341470908593 0.10236808344622812 0.07557269262201594
1 0.44056080223856364 0.10565666500367354 0.06725609905006032 0.06131020472226432
1 0.33883120590203675 0.11677999648395858 0.0733423247398008 0.0582215661585828
1 0.3484585114199607 0.0918436289975159 0.06832727611928177 0.051944295081343926
1 0.2671233022385636 0.10464763514583597 0.05936171189493056 0.05970225292686622
1 0.26984218848918223 0.08201411104353501 0.049331614653892596 0.04714771077238853
1 0.2136707536180446 0.09808856293712896 0.049413501809022264 0.04871021077238853
1 0.22880775271353349 0.07396526170746495 0.05113977611928178 0.051844301131468165