1 0.9665720713717256 0.31645102248697266 0.04909202800763594 0.05794147477225646
1 0.5973821021244033 0.9264087656939146 0.11909654002227157 0.14718246861217069
1 0.4358997094604941 0.943020857619214 0.12959768801718105 0.11395828476157206
1 0.2530690281269487 0.9382118173305279 0.13588405068427187 0.12357636533894407
1 0.09704629479626677 0.9551785733209777 0.11667951734563582 0.08964285335804476
1 0.5781401114337681 0.759732219499597 0.09406017735518084 0.16415675843752062
1 0.44391056210213165 0.7675397410991434 0.09718517735518084 0.16426588584218216
1 0.3122702107733587 0.7965228582521859 0.11608062802354438 0.17742065027015244
1 0.16349690344522214 0.8295932746795893 0.12541926535645348 0.1746230324841374
1 0.08219181210213167 0.7549082440095503 0.12363858935390812 0.1558184687818068
1 0.46238674741404173 0.6104365692294444 0.08606586401972631 0.14825893992586625
1 0.34749809142263227 0.6696801052569612 0.08433973201781733 0.1341418762235353
1 0.21569410809195033 0.6846007224100038 0.10352608402290801 0.17229664065150557
1 0.36839129941117826 0.5860689970895931 0.07154883068109026 0.10870536660488846
1 0.2770850467456782 0.591470770503238 0.07469201201463563 0.11037699400955034
1 0.377020864735815 0.5223338793035783 0.06202838001272672 0.09587798439090349
1 0.30581802673454234 0.5104762308475242 0.06351815467854491 0.08968254809323425
1 0.39978565539463357 0.465339834838541 0.05238066000954493 0.07211310217691817
1 0.3240134960614063 0.46347474527549454 0.049219297342454116 0.06887897477225664
1 0.3930174873885884 0.42059033002921764 0.044477253341817756 0.06402778366526399
1 0.3313169187221338 0.4199975637871488 0.044513616008908664 0.06715278366526398
1 0.3512930640515431 0.39180064191744995 0.044477253341817756 0.06402778366526399
1 0.3657822780474069 0.3618502470895931 0.03661020934118149 0.05906746515360961
3 0.4085419427116343 0.34538199890369164 0.07027723201781733 0.13365080290255768
3 0.14854187607413297 0.5510590469121078 0.24898512937617986 0.32419150126594437
3 0.24069191872213383 0.41683286905195926 0.11611699069063527 0.18054565027015243
3 0.2852226213796797 0.3512277164195541 0.08748291335136286 0.13581350362819702
3 0.3353493433720437 0.2967510367453069 0.09367836935072651 0.13134425843752046
3 0.41423741203849823 0.2979440037130151 0.05432496801399935 0.10498016587924912
1 0.9028641073758618 0.3446826606914075 0.0429329346753633 0.06553571996293303
3 0.18938341004931591 0.3697470487262064 0.1329408640197264 0.14989585099579186
1 0.5296982326941351 0.22075899953666384 0.022238626670908878 0.032013891832631994