1 0.9151539273551809 0.43610060704503545 0.16969214528963833 0.18997430262104195
1 0.5186981927116343 0.34323312129399347 0.14682155068427197 0.1330696859797918
1 0.2855311567074981 0.30734560020809054 0.10281701201463571 0.11017639342673621
1 0.19003684337204368 0.2895021771460765 0.08546588001272673 0.09571384992375007
3 0.6808241070178174 0.5719789831855908 0.6383517859643654 0.602265242019306
0 0.27657487472149744 0.41023421086541684 0.20305446403563474 0.2671550516711113
1 0.15949646272277013 0.4168816415268751 0.10443405601527207 0.1149002610179167
1 0.08249761071767947 0.37759962955902787 0.0918067866804539 0.10367182028847229
3 0.031161830044543405 0.32876143284565973 0.056505633354544484 0.1575228656913195
1 0.901483420711316 0.34979943113322987 0.18931813335454456 0.16061411094166686
1 0.6581601347071799 0.3136755207046533 0.16875109468490823 0.13826633225631957
1 0.9328146893698165 0.2903887167524314 0.11092041335136286 0.135358231382639
3 0.426936859365044 0.24346755100552117 0.28846470536281676 0.22384276918604193
3 0.6553976666931807 0.2105141531134728 0.35136469470081655 0.2596724728332642
1 0.25531639803468026 0.2613421159756599 0.07747156667727229 0.07990701196784729
3 0.30156414202736237 0.20852689371107663 0.2049794960216354 0.16410278685347235
1 0.1873749200349984 0.2621038757593057 0.07739884134309047 0.07365701196784728
3 0.13275959802672604 0.1999116938635765 0.16847837468172658 0.11482883225631957
2 0.791337356062997 0.4823553983638201 0.22790901336727104 0.2552369331300003
1 0.5487407760582246 0.4415621717308338 0.18003404002227158 0.16820840539458343
2 0.38562261071767945 0.38465494224805585 0.13459427068745358 0.15621624525034736
1 0.258978294716725 0.3746779173624308 0.11851473734881743 0.11679006933854179
3 0.12869081070972527 0.3200969072944445 0.2053613040260897 0.19691528685347234