1 0.5475436235817566 0.27979407197021533 0.11015991316955062 0.13808533175849824
2 0.7949268081297151 0.7901586199786316 0.24674593401923312 0.27241074645662094
1 0.6502210280423256 0.5329785809558899 0.17321750580598766 0.2667212524470706
3 0.4160676177092618 0.08414556034821087 0.10049540815498563 0.16829112069642174
1 0.5219251611244865 0.14098703231450158 0.06160274122451135 0.07863592068857254
1 0.715080464568841 0.2887722239696483 0.13294419530200408 0.17009922359113014
1 0.5857974445105814 0.11846470237010194 0.06789820533113407 0.08041667549789597
2 0.5577693844023093 0.06247016271438819 0.0637108105039836 0.09744048439090336
1 0.48453647288211127 0.05800340672393841 0.04400606426490725 0.0639732199629331
1 0.6726957024281403 0.03288686139426099 0.0614663489046432 0.06577372278852198
1 0.4957156652811216 0.023669362617796345 0.03734688730530315 0.04733872523559269
1 0.45641748456059383 0.011810486120183901 0.030733174452321776 0.023620972240367803
1 0.9263422249936824 0.21661693785731365 0.07404055674305994 0.13058036660488853
3 0.43487482436054414 0.477281685579879 0.3135148630239012 0.5822421034428625