1 0.8387946782905388 0.7604342932822107 0.2735143903416297 0.2779504699126104
2 0.811562310723503 0.5265533867765777 0.21618205140632513 0.249751262074194
1 0.41606808000087503 0.4235310575344827 0.15910969764227278 0.1513304824490227
3 0.18023535076112168 0.3181148171679011 0.23646537650146526 0.2113252595669115
1 0.04636968673067683 0.30170490399835054 0.07655718281352518 0.07869931301126601
1 0.01124922330825429 0.28641487311953817 0.02249844661650858 0.06657974623907634
2 0.8461229945256115 0.44621266890903133 0.24647704646340926 0.22722304420664746
1 0.6027523379095404 0.3914185541692704 0.15735619665368966 0.14659751834240015
1 0.44319826578014976 0.3335880191338229 0.14252969269935695 0.1274383413827959
1 0.31221752121735724 0.3039650521242064 0.11494852076024671 0.10166545157021041
1 0.22294677418310674 0.2872883659934022 0.08143568380210837 0.08352320533113407
1 0.14187052912602258 0.26146400039571144 0.06517401384016441 0.06744356426490725
1 0.0895586126241198 0.2591597028238516 0.061921679847775656 0.06422763605166182
1 0.8061094426621759 0.29565272776366225 0.1501511917107738 0.1229781619159093
1 0.7787855973010805 0.3519565520576993 0.1785945266917457 0.13160901583511767
1 0.038537282091772124 0.2443781373053031 0.04923067885919249 0.05917642319868044
1 0.4144631121298282 0.2709599870013693 0.10707235376405233 0.099875631037097
1 0.969067040494729 0.23156279869248703 0.03937551779449713 0.08542067445232168
1 0.8057367109509646 0.20882031749710556 0.1303188527754692 0.09587009263643723
1 0.6326493794300337 0.1951800516619879 0.10956068380210837 0.0843415592503423
3 0.45568497281396275 0.14231816145369094 0.2246710306460784 0.15167747492717537
1 0.8672618013691441 0.17697693560207875 0.1366325197716634 0.09761444906292786
1 0.6692699703425047 0.16026549406099824 0.10630834980971962 0.08112563103709695
1 0.3014139668824637 0.1659876790046682 0.06947951186299814 0.058204956584775314
1 0.5468683883272824 0.15044656169111778 0.08605951680591399 0.08209709765100212
1 0.22347996787104685 0.15902697367353413 0.0568521778706093 0.054716243731793845
1 0.34058655482918515 0.14522654961692388 0.0490396778706093 0.05448892319868044
1 0.17045046836533842 0.15513744404836297 0.04559634288963736 0.04658549498543509
1 0.2541224728139627 0.13645329169936507 0.060104511862998145 0.05793217194503919
1 0.1346721358558244 0.15018551959604132 0.03628500988583174 0.04787521034569897
1 0.18946972380254587 0.1298790312745238 0.05041117688202616 0.04984688730530311