1 0.09767268956252347 0.5666001297834556 0.12454066191590933 0.14881323620994635
1 0.5805643752311093 0.17483880793019407 0.03417642319868044 0.0478297462390763
1 0.6819821227238267 0.155896242807357 0.03417642319868044 0.0478297462390763
1 0.6362377137109113 0.16942153371529925 0.03578438730530316 0.04943771034569897
1 0.25318690366914615 0.5695613083924125 0.11580215940862688 0.1704154515702104
1 0.34600620414399985 0.3892947983632826 0.06522784639736087 0.09556856426490726
1 0.40506530390657297 0.4824968805748785 0.0895746285298145 0.12750052586424748
1 0.619356439100305 0.26588735675569514 0.051954956584775405 0.06864235141192587
2 0.6814616340065978 0.254401938967291 0.060631274610606314 0.09855717194503918
1 0.7609876611244866 0.18165241224511375 0.04221624373179385 0.05586956677218975
2 0.651884131103604 0.3841205312080168 0.08029055674305993 0.13035274122451135
1 0.4647598673135504 0.2582614102000497 0.04726745658477523 0.06850595909205773
1 0.4026008481132205 0.24472409593514244 0.04069920783841656 0.057386602665567034
1 0.8222935709953318 0.33199940472326633 0.07602895407749273 0.091199313011266
2 0.36154995077878754 0.20443406505633005 0.04088106426490725 0.06363660266556703
1 0.7504015698081975 0.7873257507249158 0.15163201082055267 0.22141566191590928
2 0.9048797843105316 0.6377840549606932 0.16132525956691168 0.23262594655564542