1 0.6825630360061576 0.1271499932141367 0.044140885440423536 0.06948034034363304
1 0.7428874576491306 0.15920889868663213 0.04726588544042354 0.06964411465389256
1 0.637409617290051 0.15211901571537387 0.040988614363184794 0.06462906603337357
2 0.7017266473442803 0.19922638907569373 0.05207156010845857 0.09020227611928182
1 0.8059283340143679 0.2554531348918222 0.06455337939029918 0.08773237336031983
1 0.7311737737095175 0.2937100514455941 0.07242951190385671 0.0990793091359686
1 0.6769135205862595 0.36428150101605283 0.08201359016268803 0.13550813206674714
1 0.23092483059652227 0.4932055246489438 0.11979539129415606 0.18591092378986113
1 0.35931046847283277 0.9378811985523761 0.17265677088084708 0.1242376028952478
1 0.4378232286281736 0.21273120985876565 0.06769656010845856 0.09102114767057934
1 0.5179107044276767 0.285657454770383 0.07888859016268786 0.13534435775648762