3 0.5453125 0.20703125 0.134375 0.13125
1 0.40234375 0.525 0.121875 0.14453125
1 0.5453125 0.396875 0.08515625 0.1
1 0.43046875 0.28515625 0.065625 0.06328125
1 0.3515625 0.328125 0.08984375 0.07578125
1 0.23359375 0.58671875 0.153125 0.178125
1 0.63203125 0.2234375 0.04609375 0.05703125
1 0.2390625 0.38828125 0.11171875 0.08671875
1 0.103125 0.44609375 0.13515625 0.1
1 0.55078125 0.309375 0.07109375 0.07421875
2 0.58203125 0.23984375 0.06796875 0.07421875
1 0.240625 0.90234375 0.19375 0.1953125
1 0.5125 0.55703125 0.11484375 0.15546875
2 0.52578125 0.27109375 0.06015625 0.0703125
1 0.61953125 0.3296875 0.07109375 0.08125
1 0.73984375 0.36328125 0.05 0.09609375
2 0.6875 0.25625 0.090625 0.11875
1 0.90625 0.734375 0.1875 0.178125
1 0.76796875 0.2390625 0.06171875 0.05703125
1 0.76796875 0.2765625 0.0625 0.06640625
1 0.4296875 0.328125 0.07578125 0.06484375
1 0.84765625 0.23359375 0.04765625 0.05546875
1 0.6640625 0.24375 0.04921875 0.0515625