3 0.7534181131555924 0.5953125 0.49316377368881525 0.625
0 0.32364567741349876 0.44609375 0.2652853962731287 0.2984375
1 0.15290209589256792 0.4546875 0.12196252471457933 0.1171875
1 0.06412875596868009 0.4234375 0.09795202174882985 0.103125
3 0.026185745588556762 0.37421875 0.028178032623244764 0.1546875
1 0.9007281477560035 0.30546875 0.19619320357377176 0.175
1 0.6596574787826428 0.29453125 0.1842370316346617 0.15
1 0.9399551324329642 0.2328125 0.08321835969555132 0.125
3 0.4061531353987139 0.246875 0.31742621642535307 0.2359375
3 0.6296105400376186 0.18984375 0.381708892318796 0.2796875
1 0.22724422680547646 0.28515625 0.08462435079830274 0.0828125
3 0.2675707964634092 0.2203125 0.22438187056996622 0.1765625
1 0.15780847729976805 0.2875 0.08443334980971957 0.078125
3 0.09601413144438116 0.228125 0.17853085969555132 0.125
2 0.795870845892568 0.4546875 0.25626322334543516 0.26875
1 0.5435443419382352 0.4359375 0.1994455375661607 0.178125
2 0.37229408304098666 0.39375 0.1536237015966055 0.165625
1 0.24110775003718105 0.3953125 0.13159219269935693 0.1234375
3 0.11354382414373809 0.3515625 0.20696887749004844 0.209375