0 0.565654211852543 0.646517780500403 0.37701805971567526 0.35997028855940555
3 0.9061903917851353 0.1128570207969382 0.18687380698520073 0.16743058057737184
1 0.8332705213718263 0.16070673295532298 0.0816772468767418 0.07627481252120454
1 0.17510349736772138 0.2446155516366133 0.16500789734428026 0.16822918874473985
1 0.20974614207972295 0.331669118334169 0.18218630698520064 0.16726688947037927
1 0.04262734065366721 0.476597216334736 0.08525468130733442 0.18743056733052796
1 0.7859142532214538 0.11080842587641408 0.09729315651766246 0.07525794954451306
1 0.7155517562465159 0.12185754248130261 0.0957670179539809 0.0814533858421822
1 0.6662057412194013 0.14545129910472457 0.10049087939029935 0.08786707694917477
1 0.4258756570086417 0.23742057741251094 0.15383404800821018 0.12722224282842384
1 0.4380620396203949 0.2908903177938641 0.1585397287263694 0.1305109339354164
1 0.32659729879377714 0.3853893406593548 0.20262607201231528 0.1898512176006804
1 0.6602511778894888 0.09488830391404798 0.09266019867214012 0.08446925843752048
1 0.5304545935805335 0.11816709120750901 0.10988406010845857 0.09131945916315991
2 0.6917233708060924 0.18986349801626545 0.1397897287263694 0.12985616950744613
1 0.6389569191088901 0.2643476320443491 0.14286927693097126 0.12215279691210786
1 0.5158108314802851 0.08431044637965215 0.0957579275949012 0.07989088584218221
1 0.7010433077707676 0.3332588339511149 0.14762949980360815 0.13481648801910043
3 0.9340654069104459 0.1548436241549828 0.1306874394987581 0.176403787293461
3 0.9214063256265526 0.18262388377362965 0.1557692527304745 0.1913393065307547
1 0.3557136688143025 0.07974697586856487 0.10828519867214012 0.08501489546082905
1 0.27955971409203817 0.1464558154316114 0.14128859621281203 0.118973233209777
1 0.8873126058771735 0.269734503373743 0.1209306444174139 0.11045140507947586
1 0.29148754235086943 0.11010908766412997 0.11612496974937896 0.08997521397248334
1 0.9518927354638645 0.3127826097270125 0.09285109621281222 0.11728175843752045
1 0.11812731040304618 0.10288440862285494 0.10204428903121973 0.08635914065150563