2 0.9205114373463342 0.3248437857603633 0.13889133374611512 0.1678814849563052
1 0.7308903192732036 0.24735396859246217 0.13507282092583353 0.11939852084968247
1 0.6131977051290145 0.18760323238251575 0.10265842721213972 0.09348923871722889
1 0.48162452750258994 0.12353706921296517 0.07700345574818712 0.07869931301126601
1 0.5135423074863793 0.19409126161197549 0.08049232878371626 0.08660274122451139
2 0.7880369617485522 0.7168374059769076 0.33294535649119406 0.3810587495377815
1 0.5553636646012551 0.5223132015037034 0.1921276497095498 0.2053193004748536
3 0.38063776220110906 0.20899954460235898 0.22305231803034936 0.2327456185006847
1 0.9333259987616549 0.5200115332530808 0.09623295285270288 0.1900459899708702
1 0.6254086449565481 0.44612042603516733 0.1920891083532208 0.17098976458147633
1 0.40221089350880596 0.38408211262818986 0.13638276385373888 0.14752352084968248
2 0.8158281296550671 0.5400619573096911 0.2175300641014079 0.248188762074194
1 0.9302073451231638 0.7045456576262602 0.07341188296032683 0.16909699247815269
1 0.7990109648489241 0.4308317098169736 0.1898716368892682 0.15688180047485362
1 0.6188761627392283 0.31763171318218586 0.14601032092583352 0.11971676959604131
1 0.2695889462376743 0.24175455713877128 0.08456339867609249 0.10700616943775679
1 0.3290324127392283 0.3091981214036785 0.09750004631872758 0.11674488229073816
1 0.5079429708447801 0.24712533339873013 0.10098891935425698 0.12464831050398359
1 0.2809845186112498 0.18184835972519603 0.056254308105551945 0.06873327962517117
1 0.23925293693204938 0.15403559679307227 0.052983758891340216 0.06551735141192579
1 0.22189846298689733 0.2075099377801568 0.056909279569504624 0.08279577962517112