0 0.726227716419554 0.30209529288649933 0.11088791469812272 0.13590405925034227
1 0.8577208301140355 0.7375136188298891 0.2393452753125615 0.28324572367353407
1 0.7152108931833944 0.6123962953937818 0.13472720798203355 0.19279055674305995
1 0.7253076010806099 0.4768907044066973 0.10803573320977691 0.14362563103709683
1 0.7644668156012474 0.39139948528550966 0.09800596878180681 0.12460284639736088
1 0.8152282182336525 0.3476100328573694 0.07849207694917482 0.10218227711788863
1 0.8664261304847045 0.3163205804292293 0.07158731252120418 0.08325042069139794
1 0.8989831701404183 0.2876105587216169 0.060267866604888455 0.0719946719450392
1 0.07039437867060608 0.2502333322115959 0.051602194735189635 0.09203438730530315
1 0.5344073596029484 0.8782112311953816 0.36040181977759855 0.24357753760923692
1 0.9469568786706061 0.27573869602692 0.08074405771188112 0.07727320533113406
1 0.4639881220471841 0.21251700118713424 0.10122024881887377 0.08255173871722894
3 0.5920362217770316 0.10229621819675079 0.15630954210278442 0.14034751834240006
1 0.2067932471744111 0.6920380504748536 0.2734276094333124 0.23116639812585582
1 0.7379886172378607 0.21424595189941478 0.08677580290255768 0.07120506175762475
2 0.27330606914462646 0.13828857633910116 0.0997668762235353 0.08563127461060623