1 0.21966632765924937 0.2206721807267964 0.07102320533113407 0.08132708271265772
1 0.128388109791703 0.18512847890755083 0.06789820533113407 0.08118153349844599
3 0.32743101504369476 0.14667821670644177 0.25481919530200414 0.17726893713693723
1 0.32104697123275866 0.2316525301886771 0.08039820533113406 0.0817637303552929
2 0.2563934378466638 0.248981271297337 0.07156877461060622 0.10007708271265772
1 0.32231630304864317 0.32245946670644177 0.09358016693047429 0.10578342721213971
1 0.5014665939565854 0.3761774338271683 0.10943248746358769 0.11432367328319834
1 0.9083219992085771 0.3474061943711383 0.11264841567683312 0.11759422249741007
1 0.8162110555559255 0.36736762985544563 0.10630748746358769 0.11417812406898661
3 0.6424984224072576 0.2880867365560367 0.23696175705962902 0.260697867244561
1 0.39803170539764104 0.40891069706173466 0.10658027210332381 0.12355312406898662
1 0.6488236640939874 0.5277678207164365 0.138648626022532 0.15313361621110372
1 0.818575189100305 0.28611762985544564 0.08076191818411545 0.09426373035529281
1 0.6947345238191834 0.24045191128697704 0.0679891335443795 0.084306533498446
1 0.7589334161390514 0.23874817017831723 0.06959709765100222 0.08594180810555194
1 0.5479000100956368 0.5817403831652145 0.1357054824490227 0.15923806699689197
1 0.8194674700456245 0.7125174640158454 0.1771488363682309 0.18925520678164426
1 0.716159298958515 0.9100589932780183 0.19046719028743944 0.17988201344396337