1 0.8655876383910328 0.3065050585153274 0.049310253246410696 0.05225601282028158
1 0.5033731996690978 0.9189812481379732 0.1531637305182393 0.1620375037240535
1 0.3344186481269703 0.911926419354257 0.1529728157455871 0.17614716129148605
1 0.5321588985340074 0.7476350568626977 0.12358532467404082 0.19310364474715094
1 0.3792520868456101 0.7530031453663235 0.13167056006354425 0.20909251778268026
1 0.20634642085514177 0.7753939139775734 0.16341148376465026 0.2386730099247975
1 0.45324119155471826 0.5644179884180635 0.105934174511885 0.16574062406898663
1 0.30499065218745536 0.612936763439454 0.11846144805083539 0.16788532092583353
1 0.12976850973593737 0.6367808701400451 0.15535352191409726 0.2242466368892682
1 0.357178669233584 0.5170099873846061 0.09436938311602727 0.12929370181924557
1 0.25076502799988193 0.502686314101408 0.10385347727182861 0.13598034946188076
1 0.38729681736714483 0.45362172952672336 0.08313187418757347 0.11159677956950453
1 0.31726100689656356 0.4214770095105127 0.08310460064862309 0.11003427956950454
1 0.42471895089020917 0.4061859574008169 0.07033186525911965 0.09382708271265763
1 0.34772007426700374 0.3776200016526298 0.06553527110331832 0.08735875889134012
1 0.4308638108743231 0.3557321931327932 0.05591480925276535 0.07285961124870503
1 0.3681728961016707 0.34188370884855895 0.05599662986961631 0.07754711124870503
1 0.39738310917003977 0.3159226763835702 0.05278980925276526 0.07271406203449331
1 0.4188080957773591 0.2911602708830522 0.04955571509696401 0.06631851282028159
3 0.46712286485208254 0.2863850337033338 0.09954780681713338 0.15763702564056317
3 0.12363946631148463 0.5092551836222805 0.2374604586008469 0.456010367244561
3 0.26167743425111767 0.3228725355653606 0.15513533360249454 0.2117466368892682
3 0.34097342207625303 0.2594329278313123 0.11662621266133195 0.15218754631872758
3 0.40425862621616837 0.21788543672265243 0.11347393912238157 0.15047949710451594
3 0.4895103336024945 0.22732040280992166 0.06720686525911965 0.09368153349844599
1 0.9827557731319132 0.43078592865537263 0.0344884537361736 0.06907963978475226
0 0.44980690543716156 0.18878228763227523 0.09042617694751698 0.0822731526050339