1 0.67578125 0.171875 0.02890625 0.05
1 0.36875 0.70703125 0.10390625 0.19296875
1 0.63984375 0.2296875 0.03671875 0.071875
1 0.740625 0.19140625 0.03125 0.0484375
1 0.4296875 0.43359375 0.06484375 0.10546875
0 0.290625 0.48359375 0.10390625 0.259375
1 0.18828125 0.46953125 0.090625 0.128125
1 0.77734375 0.1796875 0.03203125 0.04296875
1 0.23203125 0.3296875 0.05625 0.07421875
1 0.340625 0.30078125 0.05390625 0.07421875
1 0.33203125 0.23046875 0.03515625 0.0484375
1 0.69296875 0.4953125 0.07578125 0.109375
1 0.8765625 0.61484375 0.11015625 0.1515625
1 0.94140625 0.45078125 0.078125 0.1109375
1 0.7859375 0.90703125 0.14140625 0.18515625