1 0.6375 0.20390625 0.03046875 0.05
1 0.703125 0.1953125 0.034375 0.0515625
1 0.08203125 0.92109375 0.1625 0.15703125
1 0.228125 0.4515625 0.08203125 0.11484375
1 0.31484375 0.890625 0.13828125 0.21875
1 0.659375 0.2609375 0.03984375 0.06328125
1 0.071875 0.496875 0.09375 0.13359375
1 0.34453125 0.44296875 0.07421875 0.11328125
2 0.753125 0.29921875 0.046875 0.090625
2 0.68359375 0.38984375 0.06796875 0.11875
1 0.83515625 0.2859375 0.05859375 0.07421875
1 0.81328125 0.4 0.07109375 0.1
1 0.434375 0.2546875 0.040625 0.0609375
1 0.86640625 0.23984375 0.04609375 0.0609375
1 0.51015625 0.2234375 0.03671875 0.059375
1 0.4109375 0.1890625 0.03203125 0.04609375
2 0.8015625 0.784375 0.14375 0.28359375
1 0.9640625 0.33203125 0.071875 0.078125
1 0.471875 0.18671875 0.03125 0.0515625
1 0.96953125 0.4890625 0.06015625 0.109375