1 0.64921875 0.15859375 0.04296875 0.071875
1 0.68046875 0.1953125 0.0375 0.07421875
1 0.69765625 0.2453125 0.05625 0.0796875
1 0.76796875 0.36875 0.08984375 0.12421875
1 0.71171875 0.678125 0.13046875 0.22421875
1 0.9453125 0.603125 0.109375 0.1984375
1 0.175 0.8875 0.184375 0.225
2 0.43984375 0.8078125 0.1546875 0.384375
1 0.19765625 0.565625 0.11796875 0.16640625
1 0.33046875 0.2296875 0.05234375 0.07421875
2 0.49609375 0.36328125 0.0625 0.14453125
1 0.43515625 0.2609375 0.05390625 0.08125
1 0.4140625 0.1703125 0.03515625 0.05390625
1 0.46328125 0.18515625 0.04375 0.0703125
2 0.47265625 0.10703125 0.028125 0.05390625