1 0.01484375 0.28125 0.028125 0.0515625
1 0.0640625 0.2859375 0.08125 0.05390625
1 0.3203125 0.25546875 0.07265625 0.05703125
1 0.4734375 0.25546875 0.078125 0.05546875
3 0.01328125 0.28828125 0.02421875 0.11640625
1 0.21484375 0.29453125 0.09140625 0.05703125
1 0.11796875 0.3234375 0.11015625 0.06484375
1 0.29453125 0.2734375 0.08125 0.06328125
3 0.59765625 0.24921875 0.31796875 0.11875
1 0.38203125 0.30625 0.09375 0.06328125
1 0.11328125 0.34921875 0.11875 0.06640625
3 0.89765625 0.2546875 0.20390625 0.11640625
1 0.42890625 0.328125 0.11171875 0.06640625
1 0.75390625 0.31796875 0.09453125 0.0703125
1 0.8765625 0.30390625 0.08828125 0.07421875