1 0.77109375 0.228125 0.03671875 0.04296875
1 0.55859375 0.9140625 0.10859375 0.171875
1 0.39375 0.92734375 0.115625 0.1453125
1 0.55234375 0.7203125 0.08515625 0.16484375
1 0.41171875 0.7640625 0.08984375 0.17421875
1 0.24375 0.8609375 0.12265625 0.209375
1 0.4484375 0.565625 0.075 0.14296875
1 0.31796875 0.65546875 0.08671875 0.14296875
1 0.14140625 0.75390625 0.128125 0.20703125
1 0.3484375 0.55546875 0.07265625 0.11328125
1 0.24921875 0.56640625 0.07734375 0.11328125
1 0.36953125 0.478125 0.05703125 0.08515625
1 0.29765625 0.465625 0.05859375 0.090625
1 0.39765625 0.425 0.04765625 0.07421875
1 0.32109375 0.41796875 0.04765625 0.07421875
1 0.3953125 0.38125 0.04296875 0.06484375
1 0.33515625 0.378125 0.04296875 0.06484375
1 0.35703125 0.34921875 0.03515625 0.0609375
1 0.371875 0.31875 0.03359375 0.05390625
3 0.41484375 0.30546875 0.06796875 0.13359375
3 0.09765625 0.628125 0.19296875 0.43125
3 0.22421875 0.39375 0.11796875 0.18671875
3 0.29140625 0.309375 0.084375 0.128125
3 0.3484375 0.2546875 0.08515625 0.121875
3 0.428125 0.24609375 0.04921875 0.08359375
1 0.94140625 0.32109375 0.065625 0.05546875
0 0.39375 0.21953125 0.078125 0.06328125