1 0.73359375 0.2015625 0.02578125 0.03515625
1 0.559375 0.92421875 0.11171875 0.1515625
1 0.39296875 0.95703125 0.109375 0.08515625
1 0.55390625 0.71953125 0.08203125 0.16484375
1 0.40859375 0.77109375 0.090625 0.178125
1 0.44765625 0.578125 0.07890625 0.15
1 0.29296875 0.725 0.09609375 0.16640625
1 0.05546875 0.9203125 0.10859375 0.159375
1 0.3375 0.58828125 0.075 0.12421875
1 0.2171875 0.62578125 0.08828125 0.13359375
1 0.3625 0.49375 0.06328125 0.1
1 0.27734375 0.50703125 0.06640625 0.1015625
1 0.39609375 0.42578125 0.05 0.07421875
1 0.31796875 0.42109375 0.046875 0.07421875
1 0.39453125 0.375 0.04296875 0.06640625
1 0.3359375 0.375 0.040625 0.06640625
1 0.35859375 0.3453125 0.03671875 0.0609375
1 0.3734375 0.31484375 0.034375 0.059375
3 0.415625 0.30078125 0.0625 0.13671875
3 0.065625 0.6765625 0.12890625 0.36328125
3 0.1859375 0.43671875 0.14765625 0.221875
3 0.2859375 0.3140625 0.0875 0.13125
3 0.3484375 0.24921875 0.08515625 0.12578125
3 0.4265625 0.24375 0.04375 0.08125
1 0.94921875 0.31484375 0.06640625 0.05
0 0.42578125 0.21953125 0.06953125 0.06640625
1 0.88515625 0.48671875 0.09375 0.090625