1 0.6765401965492882 0.10230066894448134 0.04431548439090331 0.06290241439185813
1 0.7799752205959052 0.12878393217904766 0.04749504809323426 0.06461046360606985
1 0.7361632224100039 0.17386314578511752 0.059141876223535304 0.08543238585581085
1 0.6764162001774853 0.18838371815869304 0.0687896947351895 0.09368153349844603
1 0.8103199742241024 0.21344787655469516 0.06528274881887342 0.08259848428423436
1 0.675483671954517 0.2737219046764577 0.07860120435383636 0.10661818114108117
1 0.7754935956383143 0.2917569671252357 0.08490576805616748 0.10847177956950453
1 0.8060590932760616 0.4499675734115421 0.13903276206571746 0.18431084160399785
1 0.9316257725914138 0.46275005562886173 0.1367484548171724 0.16890416542531544
1 0.7319519929980599 0.7703400394988111 0.21585321161023074 0.28460624813797325
1 0.39889883538669524 0.17392107361642978 0.07013393992586625 0.08750430810555185
1 0.1029390716765152 0.6173094704304954 0.1712847560752678 0.2591310591390091
2 0.3817088793035782 0.35391894272301766 0.12875002649368783 0.20255141935425688
1 0.4422569657865819 0.13825324731391286 0.08208830290255768 0.07246150496239875
1 0.5553621449126749 0.2847942994236087 0.08377977767481415 0.12089900496239876
1 0.5286582572563941 0.14753189392309068 0.06048612141421188 0.07925516046291672
1 0.5922123257680484 0.15239702233530344 0.05574405771188111 0.07747433664159917
1 0.6047743239539498 0.10877330087135077 0.04253472958158007 0.056579639784752264