1 0.3953125 0.52109375 0.05078125 0.06328125
1 0.45234375 0.51875 0.046875 0.078125
1 0.3375 0.5734375 0.046875 0.0703125
1 0.40234375 0.578125 0.04765625 0.078125
1 0.57109375 0.97734375 0.0921875 0.0453125
3 0.17421875 0.86640625 0.29453125 0.26640625
1 0.5015625 0.52890625 0.05390625 0.071875
1 0.51484375 0.4640625 0.05703125 0.05546875
1 0.4453125 0.94453125 0.12421875 0.1109375
1 0.52734375 0.81875 0.08125 0.1484375
1 0.50234375 0.71171875 0.07890625 0.11640625
2 0.50859375 0.57890625 0.06796875 0.10703125
1 0.5578125 0.63671875 0.07109375 0.1
1 0.68203125 0.696875 0.078125 0.15703125
1 0.6375 0.59921875 0.05703125 0.10390625
1 0.42890625 0.63125 0.078125 0.09296875
1 0.61796875 0.5390625 0.04453125 0.07421875
1 0.6421875 0.484375 0.04140625 0.06640625