1 0.4359375 0.79296875 0.08671875 0.21484375
1 0.50078125 0.209375 0.03203125 0.05
2 0.284375 0.828125 0.11875 0.240625
1 0.0640625 0.8203125 0.12578125 0.25
1 0.22890625 0.50078125 0.08828125 0.12421875
1 0.4671875 0.21484375 0.03125 0.05546875
1 0.09296875 0.55078125 0.11953125 0.1484375
3 0.66171875 0.15859375 0.065625 0.09609375
1 0.62109375 0.20546875 0.03203125 0.04296875
3 0.18203125 0.31953125 0.15546875 0.2109375
2 0.43359375 0.2109375 0.03515625 0.0703125
1 0.58515625 0.215625 0.03125 0.04609375
1 0.30234375 0.34453125 0.053125 0.090625
1 0.66171875 0.28203125 0.04765625 0.06328125
1 0.7453125 0.359375 0.06171875 0.07421875
1 0.628125 0.375 0.05390625 0.08515625
3 0.82109375 0.27421875 0.15078125 0.20703125
1 0.33984375 0.2390625 0.034375 0.05546875
1 0.37890625 0.20625 0.02890625 0.04453125
1 0.73515625 0.68671875 0.109375 0.17578125
1 0.9375 0.846875 0.125 0.2484375