1 0.7690817418957308 0.23791441413138953 0.04867969468185844 0.05886716014423614
1 0.7099951682323249 0.21469381325770892 0.050515210466874017 0.06359102773541672
1 0.7802691418533785 0.28264568588288264 0.06043624203690499 0.07318423328249998
1 0.33455044930824573 0.7341444895507643 0.196902905007558 0.2729686405769446
2 0.8409413313441523 0.26611345573451456 0.05418624203690499 0.07303876291777786
1 0.7207191075819243 0.34523529844007006 0.07577281570031094 0.09538654160312507
1 0.8825372971432852 0.25693913069638963 0.0504242052052021 0.062028527735416714
1 0.4185195707502213 0.32727885334222256 0.09212585779368573 0.10825021751493065
1 0.3123227786568465 0.31232404093753496 0.09056335779368574 0.10821384992375008
1 0.37531633134415215 0.2552759135627086 0.0753177893919517 0.08757404160312507
1 0.3514091235081141 0.1930843848773614 0.06347023677523325 0.07169446846486113
1 0.7402488995341246 0.5064091877827437 0.10599093671876343 0.13197865824437507
1 0.907945362773009 0.42527155660819516 0.09488683674699842 0.1020729526972918
1 0.8932891415004427 0.6558669399669451 0.1405325366905288 0.1624298776591669
1 0.7271173809065117 0.7229966225282645 0.14511362087727822 0.18750261284152786
1 0.45781104195220046 0.17137499866881983 0.05207771046687402 0.0636273953265973