1 0.9318600250581074 0.7151289058376081 0.09535717313564333 0.22652731818121907
1 0.7904314716073956 0.5789850799457513 0.1658879279449666 0.23400462743398442
1 0.7227405185195035 0.4355293603845604 0.1018948606144388 0.14544095941492116
0 0.6714210990968754 0.24858273944339787 0.09660715988879928 0.12817163879807003
1 0.7690475780454831 0.3182969959362197 0.08712303248413775 0.12488299756436802
1 0.45144839419488464 0.14546387337349928 0.043988102176918176 0.05229888555165916
3 0.6419568323066523 0.10735772158649041 0.12522323320977707 0.1427250624991762
1 0.596825381581013 0.12376792572640571 0.04053571996293304 0.04286933847375849
1 0.4048908527250724 0.15794055397446422 0.0438244110699257 0.047611385551659155
1 0.5366492842134182 0.16805766801576796 0.06473711179556503 0.06515344155801359
1 0.02967259791574899 0.36076990462638264 0.05934519583149798 0.09341480925276527
1 0.05612099211063367 0.29569037540538945 0.08386905771188109 0.07641822402541765
1 0.45614332867845525 0.19010421752930062 0.0676438569862416 0.0589579886359143
1 0.42836555826003525 0.13489852028924418 0.042261911069925696 0.04758411201270887
1 0.29000989719010956 0.17938708563108943 0.061339293283910835 0.05728639448011288
3 0.2142484945577044 0.5624120454530476 0.4284969891154088 0.6091990909060951
1 0.21556542478010576 0.38602682345622485 0.1309821598887993 0.12877165665497756
1 0.4758134771345093 0.11931047645775436 0.03913691106992552 0.04752956493480816
1 0.37683034011120065 0.13321724350388295 0.04689484736759484 0.04610343262955987
1 0.01859495485958165 0.5965846737011061 0.0371899097191633 0.14626707386326193