0 0.59296875 0.64609375 0.29375 0.2515625
1 0.76328125 0.15859375 0.06015625 0.05
1 0.80390625 0.13828125 0.05234375 0.05
3 0.4140625 0.23359375 0.36484375 0.18125
3 0.14453125 0.36796875 0.2875 0.271875
1 0.6921875 0.14296875 0.084375 0.04453125
1 0.67578125 0.17578125 0.08515625 0.0703125
1 0.634375 0.16328125 0.06640625 0.059375
1 0.51171875 0.1734375 0.06640625 0.05
1 0.52265625 0.1984375 0.06328125 0.06328125
1 0.53203125 0.16328125 0.06484375 0.0515625
1 0.07265625 0.59921875 0.14296875 0.1515625
1 0.3171875 0.184375 0.07421875 0.05390625
1 0.34609375 0.2140625 0.090625 0.07578125
1 0.29453125 0.45859375 0.15078125 0.12421875
1 0.796875 0.121875 0.059375 0.0484375
1 0.3359375 0.37421875 0.10234375 0.0984375
1 0.36171875 0.23359375 0.06953125 0.07578125
1 0.18203125 0.20859375 0.09140625 0.0609375
1 0.59765625 0.38203125 0.14375 0.0984375
1 0.16640625 0.1890625 0.09296875 0.05703125
3 0.80703125 0.1734375 0.26796875 0.1390625