1 0.8998540333738789 0.13840908368440896 0.047211343285945874 0.05890352773541672
1 0.8374403917851353 0.12502003733163125 0.04564884328594587 0.05886716014423614
1 0.5605258294371815 0.7290406157882288 0.1829408067888089 0.29484364057694457
1 0.6602819523845733 0.3658301413394439 0.09771131303532492 0.1460047906531945
1 0.6834836239293504 0.27155281126732583 0.0818863251355733 0.111266114741389
1 0.9850961209042882 0.2559401161694783 0.027062469749379047 0.0865557490500695
1 0.7239137020899857 0.16984418769222162 0.058276108313060605 0.08103310087368061
1 0.6751176537871879 0.09833351681440916 0.04568520472226432 0.06511716014423614
1 0.6267710573779841 0.08383591214100641 0.040961343285945875 0.058758057370694484
1 0.7290329941462674 0.09551633491867995 0.040943162567786476 0.05563305737069446
3 0.8689176507621259 0.08523018550802011 0.07549087939029916 0.08612064437666671
3 0.9443489219375605 0.1436226073357631 0.11039312021691713 0.17754573138263896