1 0.719709776957024 0.36879193860072385 0.08350695916315995 0.11355124491161739
1 0.6873734813108605 0.2637835340327396 0.050892866604888454 0.07285100180902226
1 0.6492311297669144 0.19056071799936602 0.03946429328391084 0.05821529172311406
1 0.6984325215995464 0.17122421980838834 0.03919147477225664 0.05040279172311406
2 0.8584622197932971 0.6539149683380503 0.17010420199158388 0.27093437697836437
1 0.4698015130772079 0.5771931795556122 0.1130158990890262 0.19931832654882306
1 0.40224696924514286 0.42729167684207886 0.08583335099579195 0.13550813206674714
1 0.41224450653860395 0.29789078188503304 0.06453870435383653 0.10631859905006032
1 0.32112843321762624 0.3072038268875074 0.06103175843752044 0.0952173247398008
1 0.4118650498225147 0.24151795115233837 0.04302580290255768 0.07087906603337357
1 0.4634027571715761 0.17769114653892557 0.03315972958158007 0.056325243102595034