1 0.08984375 0.46171875 0.14140625 0.09453125
1 0.12890625 0.5046875 0.14765625 0.0890625
1 0.24765625 0.39609375 0.11015625 0.07578125
1 0.28515625 0.43828125 0.11484375 0.0890625
1 0.37265625 0.3390625 0.08359375 0.071875
1 0.38359375 0.375 0.096875 0.071875
1 0.39921875 0.296875 0.06328125 0.05390625
1 0.45078125 0.3015625 0.06953125 0.05546875
1 0.46328125 0.3265625 0.07890625 0.06484375
1 0.4609375 0.2640625 0.06015625 0.0484375
1 0.5109375 0.2609375 0.06171875 0.059375
1 0.52578125 0.29375 0.071875 0.05546875
1 0.53515625 0.23046875 0.046875 0.0515625
1 0.571875 0.23359375 0.05234375 0.05546875
1 0.6125 0.246875 0.05625 0.0515625
1 0.659375 0.221875 0.05 0.05
1 0.55 0.43125 0.09453125 0.10546875