0 0.66796875 0.278125 0.075 0.10546875
1 0.42734375 0.25390625 0.03671875 0.06328125
1 0.42109375 0.2 0.03203125 0.04453125
1 0.44921875 0.15078125 0.03125 0.03515625
1 0.47421875 0.165625 0.03203125 0.04453125
1 0.46953125 0.13671875 0.03359375 0.03359375
2 0.396875 0.165625 0.03515625 0.0515625
2 0.36875 0.19453125 0.03359375 0.05703125
1 0.41796875 0.15625 0.034375 0.03515625
1 0.18984375 0.28359375 0.07109375 0.05703125
1 0.20703125 0.21640625 0.05703125 0.0484375
2 0.39453125 0.14453125 0.03125 0.0390625
1 0.0890625 0.3140625 0.07578125 0.06328125
1 0.50625 0.140625 0.03046875 0.03515625