2 0.7390836632551576 0.40353212538327854 0.1383908551898026 0.1539249515990065
2 0.8446791574014252 0.5166502698006926 0.16036584913967822 0.17123971662612103
1 0.6903148860295987 0.32590202907227067 0.07859769867214013 0.0817045179539809
3 0.5806404250608186 0.24244865875715763 0.1775533491396782 0.17133971057599684
1 0.7761705727978823 0.34046449882164964 0.07698065651766246 0.0723204275949012
1 0.7865268106976337 0.30614858615566715 0.07068520472226432 0.06447156615858277
1 0.1836114098373121 0.1323226623713949 0.07689884328594587 0.058257927594901296
1 0.8049292935292198 0.9004646500747547 0.22774424668035032 0.19907069985049047
1 0.8739131812091386 0.3261888962641257 0.0628454336450254 0.05973861436318471
1 0.7740378418320176 0.9730527223816576 0.21283634328594586 0.05389455523668474
1 0.37395863300453663 0.3154674813586481 0.10522383118569749 0.09279655405833438
1 0.44737847316722446 0.1846401830558503 0.08472043364502539 0.059865879390299345
1 0.19172284992524524 0.34956470452587257 0.13972609621281212 0.114871541958086
3 0.2529966932111911 0.790625 0.5059933864223822 0.41875
1 0.9590648860295987 0.32746557083396494 0.0784886143631848 0.06295451795398091
1 0.11558707592114015 0.4100613221105111 0.15707722267624522 0.1430965359079618