0 0.6457457236735341 0.2557273014435061 0.09734166442319178 0.1272575197716635
1 0.9714276852728745 0.6463137866519395 0.05714462945425112 0.20449118182494191
1 0.7672930808914477 0.5712488251695023 0.13808633636823106 0.18666169467652338
1 0.7063291856685858 0.433768729808407 0.09462584138279588 0.14119268577927463
1 0.7110273943649321 0.327055814789379 0.08617684389007838 0.11899935079830275
1 0.7389190621533362 0.26654673771707244 0.06821645407749273 0.09173651384016442
1 0.7750096748480331 0.21963724562573778 0.06160274122451135 0.0789818458553869
1 0.7926003401291547 0.1805574995800705 0.05342652837152997 0.06616351087441492
1 0.9502921343358022 0.8984201147128292 0.09941573132839565 0.18152852570316255
1 0.828409807996701 0.1508036739906387 0.0738299565847754 0.07011618182494202
1 0.5820759610706148 0.8297922011394949 0.2757514724198929 0.25157572334543515
1 0.2757120199917527 0.303855806349241 0.10071070533113406 0.0821360207602467
2 0.5188529515702104 0.13194760874414918 0.060920779625171305 0.055544345855386854
1 0.35563754922121243 0.2080114071475437 0.06873327962517113 0.05586268083635879
1 0.14648752124539394 0.2876657791632037 0.08619356426490725 0.06593801779449712