1 0.49375 0.15703125 0.03828125 0.0609375
1 0.68203125 0.71875 0.13984375 0.27421875
1 0.58046875 0.1859375 0.04296875 0.071875
1 0.7078125 0.3015625 0.07265625 0.11640625
2 0.51640625 0.18125 0.04765625 0.09453125
1 0.56015625 0.128125 0.03359375 0.0515625
1 0.7203125 0.13984375 0.04375 0.078125
1 0.76796875 0.13359375 0.04375 0.06640625
1 0.56640625 0.08828125 0.03671875 0.05390625
1 0.61640625 0.10078125 0.040625 0.059375
1 0.90625 0.2890625 0.08984375 0.10390625
3 0.51953125 0.03515625 0.03359375 0.06640625
3 0.45390625 0.4859375 0.16796875 0.5109375