1 0.28046875 0.60625 0.13984375 0.23515625
1 0.07421875 0.26484375 0.05859375 0.0890625
1 0.73828125 0.615625 0.19609375 0.25546875
1 0.33828125 0.27890625 0.08203125 0.10390625
1 0.0796875 0.11328125 0.04140625 0.059375
1 0.44765625 0.18671875 0.06875 0.06328125
1 0.534375 0.15625 0.06953125 0.078125
1 0.3546875 0.10703125 0.04609375 0.0515625
1 0.4234375 0.07421875 0.04296875 0.04296875
1 0.41875 0.1015625 0.05 0.0515625
1 0.3375 0.06953125 0.040625 0.04453125
1 0.19609375 0.053125 0.03125 0.03515625
1 0.25078125 0.0359375 0.02890625 0.0390625
1 0.92109375 0.3109375 0.10390625 0.1015625