0 0.6222139476901815 0.7512674442718535 0.34401466217500315 0.3260119508104575
1 0.5691868581166688 0.2292089057972661 0.09422269867214013 0.08452382213985139
1 0.7443550297596417 0.26422629045832197 0.12716246369925485 0.10754465988879928
2 0.9476981983775525 0.30881957176133323 0.09013516237139499 0.18748513103285874
1 0.6514680929913583 0.275042250169636 0.10989315046753809 0.09288195916315996
1 0.5638888841638774 0.9173859405588385 0.29010789129415604 0.1652281188823231
1 0.23375193227028337 0.9688244110699257 0.26913179508134394 0.06235117786014861
1 0.37840784289316237 0.3303373522617362 0.11930451190385671 0.0994593413771451
3 0.3077402980082102 0.13259676750801316 0.12125789734428025 0.16670140507947587
1 0.8198873366466465 0.4925993163190376 0.18364881303532493 0.1501339531727101
1 0.9766226290957117 0.312954000254454 0.027026108313060605 0.08061508293962447