1 0.6441805943522969 0.18108693164496464 0.034040030878812286 0.043142246239076296
2 0.7146605789128906 0.20011206479363267 0.041335705331134065 0.07926160266556703
1 0.16434937569332764 0.4682545918450144 0.0975689849563052 0.13397784639736088
1 0.6652084967012948 0.2632174700456244 0.04892088479802066 0.07167642319868044
1 0.8076747930195133 0.19584445044958315 0.04244356426490725 0.06368206677218965
2 0.4334691002247915 0.3940739796125359 0.07137019780928675 0.1457049565847753
1 0.3691625593168493 0.3506709720906885 0.07492109514371972 0.10677884890464329
1 0.7583758235026143 0.30734189159495223 0.06013116943775678 0.08136967194503919
1 0.6628299912910183 0.3717884879923131 0.07018813103709683 0.10507995658477531
1 0.8265946260890391 0.2967704529568656 0.05838681301126627 0.07507420783841656
2 0.43929686605990914 0.22061374755922455 0.047813025864247474 0.08725595909205772
1 0.6977265138565606 0.5674814212201233 0.09498955423577726 0.15263691818411546
1 0.8367662818032493 0.5642163657307048 0.12683058762187222 0.17385870031656908
2 0.9413150409744493 0.48545721674691916 0.09200094655564542 0.1572334899708702
2 0.5324080200582597 0.1593603473217977 0.02980717194503928 0.05863085391920828
2 0.39310983933773186 0.14467938486452767 0.029716243731793844 0.05550585391920828