1 0.6336797305856401 0.5931479527773568 0.14202605736790766 0.255496541958086
1 0.5047756699554566 0.3251660881195845 0.07480110001590834 0.11761474687674198
1 0.5962006486314562 0.2558888472929666 0.06359088001272664 0.0941136143631847
1 0.6594108153246367 0.06022182328886151 0.031649989337999784 0.034556807181592354
1 0.6761528726527735 0.09840307933898572 0.045985209341181485 0.05807612041330892
1 0.6343460859723195 0.20020192867505576 0.061846566677272105 0.0784795240041051
1 0.5523062926480009 0.13427746770627552 0.04286020934118149 0.05805793969514968
1 0.6231273226448192 0.1573013563681529 0.047420440006363404 0.04714771077238851
1 0.7576841359802737 0.14089458548730577 0.05394316000954511 0.07062157220870699
1 0.8417136906429101 0.17009120609700643 0.0650079293443632 0.08162270472226432
1 0.8418580466263655 0.2919571157379268 0.10130905601527189 0.11308178298109554
1 0.5505261639879097 0.08585360324489495 0.033357940006363405 0.04706589754067196
1 0.582775589990455 0.06691725088376278 0.03017839600572696 0.042360216822512745
1 0.5022341146562732 0.0736354043763631 0.030214758672817865 0.04548521682251274