1 0.23359375 0.66171875 0.128125 0.20546875
3 0.0515625 0.63671875 0.10078125 0.43515625
1 0.31171875 0.2484375 0.05234375 0.078125
1 0.3734375 0.265625 0.05 0.08359375
1 0.33671875 0.43125 0.08359375 0.12578125
1 0.4625 0.38359375 0.06328125 0.1109375
1 0.390625 0.23515625 0.03671875 0.06875
1 0.46796875 0.28359375 0.04609375 0.08515625
1 0.4265625 0.19453125 0.03828125 0.06484375
1 0.48671875 0.2046875 0.03671875 0.06328125
3 0.38984375 0.14296875 0.05625 0.12578125
1 0.44765625 0.15546875 0.03046875 0.05
1 0.4875 0.1609375 0.03359375 0.05