3 0.07109375 0.3546875 0.13984375 0.140625
1 0.14296875 0.4359375 0.07734375 0.0890625
3 0.36640625 0.546875 0.4125 0.4109375
3 0.8046875 0.7875 0.390625 0.425
3 0.29375 0.3296875 0.16328125 0.1609375
1 0.44296875 0.40546875 0.09453125 0.09296875
1 0.58828125 0.46015625 0.12265625 0.11484375
1 0.77265625 0.528125 0.153125 0.1390625
3 0.9125 0.459375 0.175 0.215625
1 0.66953125 0.43125 0.121875 0.10390625
1 0.50390625 0.38046875 0.090625 0.09296875
3 0.38203125 0.31328125 0.16796875 0.1484375
1 0.95234375 0.590625 0.09453125 0.11328125