3 0.7359375 0.60625 0.528125 0.540625
2 0.07890625 0.4390625 0.09140625 0.14609375
3 0.05390625 0.3140625 0.10546875 0.171875
1 0.975 0.596875 0.05 0.1609375
2 0.78515625 0.49140625 0.20078125 0.23125
1 0.5484375 0.4296875 0.16171875 0.14453125
2 0.39296875 0.365625 0.11796875 0.1484375
1 0.26953125 0.34296875 0.10625 0.1015625
3 0.14921875 0.28203125 0.18125 0.16875
1 0.0640625 0.28359375 0.06171875 0.0703125
2 0.75625 0.39453125 0.21015625 0.18515625
1 0.43203125 0.31640625 0.10546875 0.10703125
1 0.13828125 0.23515625 0.06015625 0.06640625
1 0.97578125 0.20390625 0.04765625 0.09609375
1 0.865625 0.203125 0.125 0.09296875
1 0.7203125 0.18359375 0.11171875 0.08125
1 0.58671875 0.1734375 0.09453125 0.071875
3 0.43359375 0.1296875 0.19296875 0.1296875
1 0.95625 0.171875 0.0875 0.06875
1 0.81796875 0.16328125 0.109375 0.078125
1 0.66640625 0.1484375 0.103125 0.07421875
1 0.5578125 0.13671875 0.08515625 0.07421875
1 0.33984375 0.12890625 0.05078125 0.04609375
1 0.3109375 0.15078125 0.06171875 0.04609375
1 0.27734375 0.13125 0.05234375 0.04453125
1 0.23359375 0.14921875 0.05078125 0.0515625
1 0.20234375 0.12578125 0.03984375 0.04453125