1 0.0765625 0.24151588534372678 0.05 0.050581802673454225
1 0.06640625 0.26796020667568143 0.0609375 0.055396572008272395
2 0.18984375 0.20377153202577153 0.05625 0.06471702800763604
2 0.11484375 0.2169613280155902 0.0546875 0.06469884667409058
1 0.62265625 0.7674015114178597 0.2546875 0.28577605736790745
1 0.29453125 0.2831146813733163 0.078125 0.08215906667727228
1 0.42890625 0.30264702605822463 0.0921875 0.09326019867918127
1 0.15078125 0.3900357486871354 0.1125 0.12630905601527206
0 0.709375 0.28950432542963195 0.2015625 0.15390789202736235
1 0.8984375 0.4799855167886308 0.1984375 0.15855902936027153
1 0.94140625 0.4211105034611305 0.115625 0.13728291868236298
2 0.95625 0.3158144761298122 0.065625 0.10701361600890866