1 0.14376070869634633 0.10104655235772719 0.06252874373179385 0.05717051285158128
1 0.12265258683044941 0.1292179733082543 0.0659719924781526 0.06823534684397004
1 0.8723758582088574 0.7518000611806137 0.18093907759274258 0.26487953657757757
1 0.2427294061099216 0.10559744809938335 0.060966243731793844 0.057106845855386855
2 0.47768942781753393 0.12957748167403021 0.0867391335443795 0.08468801779449713
1 0.49505277256554214 0.17646972771969754 0.09763116943775678 0.08357118676785791
1 0.2628634320406761 0.48635535817549547 0.1965807979675712 0.21245487353571574
1 0.5381375313410308 0.25118588483006016 0.09335284639736088 0.09744268577927465
2 0.49381923000824735 0.27249981072350316 0.14145537727617316 0.14154019566510642
1 0.0779812813410308 0.6832170652093085 0.1559625626820616 0.286690869581383
1 0.9341821540648574 0.370824633804296 0.11163148495630537 0.13564302273741297