1 0.11944086729005095 0.11460315862285494 0.0676420179539809 0.08047123920022684
1 0.22601357503737737 0.16636157686435676 0.08485678903121974 0.08575893992586625
0 0.6951686168972675 0.35392599801626545 0.26271921037960516 0.31536213828925297
1 0.4072686410977643 0.2952157192451429 0.1101749515990063 0.14131945916315997
3 0.42433290036934235 0.13911948666833807 0.2292794756031114 0.20640380054030497
1 0.8495470446885605 0.29539919148551075 0.13041472872636922 0.129528787293461
1 0.868778312838933 0.243154645206375 0.12098518657189175 0.11982640507947587
2 0.500083375874258 0.3998089608076224 0.13702834308955403 0.19224704210278443
1 0.7777306111417308 0.17366308994156465 0.08177724082661797 0.09346231252120449
1 0.7294476472460844 0.20191706471382118 0.08332156010845856 0.0903918762235354
1 0.8439207760472085 0.671453259997165 0.2136726563212708 0.20898316351699647
2 0.7518907946885605 0.2988094228811892 0.09125223477649361 0.11097719473518967
1 0.6397832427715254 0.7731323550025071 0.17951582493918145 0.24528276206571764
1 0.7078993792921034 0.12452867469528775 0.07073974687674216 0.0758928666048885
1 0.5861380087805987 0.14831589347709448 0.07247496369925485 0.10563493030721935