1 0.55078125 0.64140625 0.18359375 0.2515625
1 0.23125 0.04453125 0.03203125 0.040625
1 0.37890625 0.08046875 0.03515625 0.04453125
1 0.30234375 0.1046875 0.05078125 0.0515625
1 0.15703125 0.359375 0.07265625 0.1109375
1 0.3234375 0.26875 0.08359375 0.1
1 0.17421875 0.2203125 0.06015625 0.0703125
1 0.21015625 0.16328125 0.046875 0.0609375
1 0.04921875 0.1640625 0.04453125 0.06484375
1 0.58125 0.21015625 0.07734375 0.08515625
1 0.090625 0.65390625 0.11953125 0.2296875
1 0.10703125 0.0796875 0.034375 0.04296875