1 0.27109375 0.61796875 0.2375 0.18671875
1 0.81953125 0.3359375 0.11796875 0.11875
1 0.81640625 0.47109375 0.15078125 0.15546875
1 0.77890625 0.73359375 0.22734375 0.24609375
1 0.42890625 0.63671875 0.23359375 0.20390625
1 0.52734375 0.7296875 0.23984375 0.228125
1 0.525 0.9375 0.284375 0.125
1 0.0390625 0.778125 0.07578125 0.1390625
1 0.534375 0.234375 0.10234375 0.0890625
1 0.52421875 0.1703125 0.071875 0.06484375
1 0.74921875 0.19375 0.08203125 0.0796875
1 0.61484375 0.16953125 0.078125 0.06640625
1 0.73046875 0.16328125 0.07109375 0.06875