1 0.74296875 0.16755253425764177 0.0359375 0.05177157825883123
1 0.746875 0.21752980835994276 0.05 0.06435339149054772
1 0.821875 0.22021847112412107 0.0484375 0.06590680113146812
1 0.10703125 0.7353148104030461 0.2125 0.2824862888348282
1 0.29375 0.34204101249303187 0.1015625 0.12246587334017515
1 0.340625 0.6995808017206434 0.1796875 0.2572953912941561
1 0.75859375 0.2908991306668456 0.0578125 0.07689884328594587
1 0.14765625 0.3389847110669761 0.115625 0.13817268657189175
1 0.41328125 0.3468143500234411 0.0921875 0.1255363311856975
2 0.85546875 0.3590855284039093 0.0765625 0.1160704275949012
2 0.7515625 0.4604712872827038 0.1125 0.1615920058537325
1 0.9515625 0.3647764713205128 0.0859375 0.10831246974937896
1 0.9015625 0.49866111281106057 0.1125 0.13971700585373253
1 0.53203125 0.19690473273339015 0.0578125 0.07689884328594587
1 0.98203125 0.32397420931846027 0.0359375 0.08458407825883114
1 0.6171875 0.177659308163551 0.05 0.06591589149054773
1 0.5171875 0.1258973411446465 0.040625 0.054923849336070064
2 0.81953125 0.9116383566627405 0.2265625 0.16850560206654458
1 0.58203125 0.1372388412428424 0.04375 0.06119203005422928