1 0.36950313151709385 0.7336047395086517 0.12090331306795062 0.15019387978345583
2 0.42799622002071985 0.8804784248480331 0.19601893713693724 0.23904315030393378
1 0.41018809760436314 0.6495168960142848 0.08819782092583335 0.11803459765100204
1 0.39019242886927874 0.5245479882550106 0.06911818114108118 0.07690949247815268
1 0.44717017494033734 0.510559696093427 0.07892982878371627 0.08655727711788863
3 0.5200960986378205 0.5572732232113158 0.145072867244561 0.23359741316955046
1 0.7157081974805286 0.7076920750189529 0.12755572745980875 0.19251777210332363
1 0.591102111458102 0.5108361439027137 0.06621150496239885 0.08150606426490725
1 0.676363215263209 0.5782486159268952 0.08812504631872749 0.11647209765100222
1 0.3383709096388564 0.5957948509497074 0.07340757485477489 0.10200042069139795
1 0.536924033707843 0.49830740017091985 0.07409677956950453 0.08329588479802066
3 0.6367656759737946 0.4206346927282147 0.1260274607105858 0.1597052721033238