0 0.6594442194547914 0.25366494460216116 0.08505677693097127 0.12062551779449712
1 0.3960357044276767 0.24251783346091615 0.04102497579950324 0.07040534190105419
1 0.387882315962191 0.1842424184418881 0.036219301131468117 0.049901840912471004
1 0.4172561985739442 0.1291264955141947 0.03460225897699054 0.04046317391627659
1 0.44469085216474047 0.14363732308079283 0.036219301131468026 0.049901840912471004
1 0.43982154498314807 0.112578324069376 0.037718168617910844 0.03902800790866538
2 0.3603249425238201 0.14863784087528997 0.040961343285945875 0.05946784190105418
2 0.3308237948849522 0.1818787638029834 0.03786361436318471 0.06402800790866539
1 0.38370335518980253 0.13752658593237407 0.03772725897699045 0.04059050790866543
1 0.13687887304558757 0.29058655482918516 0.07849770472226432 0.06724584980971962
1 0.15520162616884553 0.21638505087485244 0.064371572208707 0.05573534684397004
2 0.3578448371376258 0.12529584136958155 0.03462043969514968 0.04358817391627658
1 0.035507270586259534 0.3275374095818206 0.06759656615858281 0.0730501808363588
1 0.4796834757013073 0.11407981566641903 0.033039758976990366 0.04039950692008221