2 0.6893725571637269 0.27734375 0.0849057680561673 0.1046875
2 0.7509301052569611 0.33984375 0.1056002139724832 0.115625
1 0.9393155042611692 0.4859375 0.12136899147766159 0.1375
1 0.7591394201404184 0.26171875 0.07104167549789597 0.065625
3 0.5918229453681618 0.21328125 0.16833831614940173 0.1671875
1 0.23575150544229562 0.12890625 0.04985615626060227 0.040625
1 0.825446466419554 0.28125 0.06602679328391084 0.05625
1 0.8281795968194405 0.24765625 0.06597222958157971 0.0546875
1 0.961448520039902 0.79765625 0.07258930653075453 0.1546875
1 0.3584722428284238 0.153125 0.07340278366526398 0.04375
1 0.5067559754052288 0.17109375 0.06882441106992569 0.046875
1 0.5467858193142625 0.78046875 0.29815479092165803 0.215625
1 0.9198041016287639 0.25390625 0.06608135698624196 0.0578125
1 0.5889782977147161 0.91484375 0.2950099435540633 0.1703125
1 0.2752579826616229 0.34296875 0.12871033175849825 0.10625
1 0.7201017127913569 0.1953125 0.07523810217691818 0.0515625
1 0.9246801847380247 0.93046875 0.10485616950744614 0.1390625
1 0.07655015335019537 0.40234375 0.1245139050794759 0.1203125
1 0.07328134272790741 0.6890625 0.104876016875041 0.184375
3 0.048764981565314516 0.74765625 0.05715282340579571 0.3390625