1 0.6331122146395272 0.1442702339909267 0.028163541356328814 0.03452953610435348
1 0.9802419257643976 0.3306632937066018 0.03951614847120481 0.06593407220870695
1 0.9823352727450789 0.4720649985270621 0.03532945450984215 0.10188066256778665
1 0.5967876102107386 0.9053243460164204 0.14332627667402048 0.18935130796715924
1 0.42193315942495024 0.9092402072563471 0.14899407981717355 0.18050563231716552
1 0.2207323784077036 0.882295391294156 0.1610959735308673 0.20556926483072288
1 0.07965361413967993 0.8885039637974506 0.08420383374611502 0.1645079275949012
1 0.5958114993763182 0.7017145744482022 0.11156685442427942 0.18184996369925485
1 0.4494994255550007 0.696177125874258 0.10695212903138529 0.18338519262201594
1 0.3040242597154005 0.7086084273003137 0.13409682588823219 0.1960397287263694
1 0.14023574151843538 0.730305644417414 0.14496155128112634 0.19454086123992678
1 0.07916550082406032 0.643255096311008 0.10651548138875018 0.17401019262201595
1 0.4879154545053327 0.5316015414671067 0.10324493217453856 0.17086701190385672
1 0.3543067419327201 0.58081068022718 0.10059081306795062 0.14742042154477702
1 0.21197369271850844 0.5768584575509348 0.12152405128112634 0.19440450585373234
1 0.38843983932768633 0.49197089402463057 0.08721751778268035 0.12859769867214013
1 0.2866226282028158 0.4859112706844554 0.08878001778268026 0.12860678903121964
1 0.4056594185256873 0.4256828186926656 0.07355312406898662 0.10352497579950323
1 0.32815084863331123 0.4049248910977643 0.07333480024766903 0.09883747579950324
1 0.43726898345566473 0.3665078065924171 0.06479455417661058 0.0831670240041051
1 0.3531658112059238 0.3550839723816576 0.06359592721213972 0.0909704336450254
1 0.43434088254604203 0.3204095114128774 0.05222177956950454 0.08153180113146821
1 0.36838839681406566 0.31299646633153344 0.05193068114108117 0.0752818011314682
1 0.39442220388616017 0.28503054761542673 0.05022263192686953 0.0721477107723885
1 0.4139512998333842 0.25155951746300154 0.04815070967712849 0.0612011204133089
3 0.4665839942090317 0.22452938485124835 0.08118584160399785 0.13324883723582168
3 0.15576858043634614 0.4265721112399268 0.2870506596343472 0.36094763212077385
3 0.27067648883234824 0.2944641140685971 0.12770127667402048 0.19287836729005098
3 0.32465120533390224 0.22917091217500313 0.10876718610347993 0.15527837334017516
3 0.38865589329940897 0.17799475243588692 0.10364303846084474 0.14587610226293632
3 0.4336922574435981 0.12202200838781527 0.06919095574818694 0.07694429508134393