3 0.4734375 0.47890625 0.071875 0.24609375
3 0.5984375 0.6140625 0.11796875 0.4109375
3 0.76953125 0.61171875 0.1875 0.321875
1 0.61640625 0.40078125 0.03125 0.04609375
1 0.57265625 0.371875 0.02109375 0.0296875
1 0.5328125 0.353125 0.01640625 0.03125
2 0.5453125 0.321875 0.01484375 0.03359375
1 0.5609375 0.353125 0.01796875 0.02578125
3 0.50390625 0.31015625 0.03203125 0.0484375
1 0.52890625 0.31484375 0.01328125 0.02578125
1 0.5609375 0.32109375 0.01640625 0.0296875
1 0.54375 0.390625 0.025 0.040625