1 0.26684566825125255 0.6667856735989794 0.14692366689245623 0.15485616950744613
1 0.381253406265465 0.5520559962869849 0.08599281094499087 0.1230952488188736
1 0.55764324513876 0.3259870256910796 0.041928550429541286 0.05605159255827132
2 0.3825027250123719 0.4389384373939775 0.07505531094499088 0.12271330290255769
1 0.4978643741532894 0.5440847504633362 0.08747342378986112 0.12158731252120454
1 0.46847784656366953 0.42033971561694583 0.058618083446227945 0.07690972958157989
1 0.4482339456137298 0.3602206711519087 0.04036605042954129 0.05599702885594056
1 0.3854097190194782 0.38346968739397747 0.04340916327441162 0.05454365626060227
1 0.3877877685445083 0.35297365554281207 0.03666784034363309 0.04495040145127884
1 0.4371636488022331 0.31849696262172095 0.030417840343633172 0.04473214664195542
1 0.8288023564017506 0.7914284540993825 0.17964099163225705 0.2137053798517325
2 0.7290269222079815 0.3293600184346855 0.05393058344622812 0.07674603847458741