1 0.03521582521989425 0.38279514183263197 0.04620536660488852 0.07184028366526399
1 0.25648813529402803 0.30625003311710974 0.1013293762235353 0.08625001324684387
1 0.4114286064380875 0.2742064033501954 0.0837599303072194 0.07471231252120454
1 0.10735372004775112 0.3704886039910168 0.10116568511654278 0.08156251324684387
1 0.1281101641499686 0.33922124582364876 0.0838690577118811 0.07783731252120454
3 0.39373267494974173 0.2813914207733905 0.37093752649368794 0.20958834264308948
1 0.07205362630835337 0.4098313569862416 0.11889882213985134 0.0977877139724832
3 0.7349727446425224 0.22152043528617882 0.2858531983633867 0.18632940271722323
1 0.17864836668970652 0.40106897059590524 0.1252579495445131 0.10113096878180663
1 0.4226860541685021 0.32844003556418055 0.11114088584218215 0.09907739546082901
1 0.8328348696849315 0.3872396937236993 0.17333335099579195 0.1371428798517325
3 0.9277852380191003 0.17909486622637036 0.05614585099579159 0.13305060217691828