1 0.63671875 0.19453125 0.03046875 0.040625
1 0.69140625 0.19453125 0.03203125 0.0484375
1 0.64609375 0.240625 0.040625 0.06640625
1 0.75703125 0.19140625 0.03203125 0.04453125
1 0.8078125 0.18125 0.03203125 0.04609375
1 0.77578125 0.24375 0.04609375 0.05703125
1 0.746875 0.3046875 0.05 0.078125
2 0.30546875 0.46484375 0.10390625 0.2203125
1 0.67578125 0.36875 0.06484375 0.109375
2 0.81484375 0.4265625 0.08046875 0.14296875
1 0.8921875 0.37578125 0.06796875 0.08515625
1 0.91015625 0.30859375 0.06171875 0.071875
1 0.7484375 0.67109375 0.10234375 0.16640625
2 0.4015625 0.2046875 0.03125 0.06640625