1 0.1182381522824909 0.38702448741809825 0.16333037727617325 0.13871940097293461
1 0.14618730753448267 0.43514438758025414 0.1660462003165691 0.12471144805083548
1 0.2812095137235465 0.352388209007884 0.12290395407749281 0.09116256249917623
1 0.3113887587089816 0.3966427694784653 0.128000631037097 0.10530688311602718
1 0.4053911598043383 0.32644509212391115 0.09781302586424748 0.0876011858759707
1 0.42190270988348055 0.3571865775134146 0.11044941818411544 0.09250687418757338
1 0.4503255750854599 0.28740591152294626 0.07070495658477523 0.06838753571381488
1 0.49770068025830944 0.3054116176914564 0.07874477711788863 0.07633640340856669
1 0.507135516230829 0.3344678721556833 0.08825616943775678 0.0811875446422687
1 0.5147601481258558 0.2744752633893853 0.07543792069139794 0.07003185633066593
1 0.5640698263391011 0.278459379866321 0.07065949247815269 0.06682503571381497
1 0.5721467507914229 0.31451961079159757 0.0817788489046432 0.07326595048646736
1 0.5829645788463835 0.2569252991032003 0.0626196719450391 0.05887616801906326
1 0.6254248634861197 0.2670366846548594 0.06909699247815268 0.06679776217486459
1 0.6323795571387713 0.29136452881066083 0.06748902837152997 0.0652079886359143
1 0.6789590404457237 0.28202648497917104 0.06252874373179385 0.055751168019063255
1 0.23472593646000856 0.7138927248361966 0.1987797954602888 0.22991714529089186
1 0.49939853872986417 0.60528888676618 0.14612615690134448 0.19151711850553071
1 0.7497011009497074 0.3785253839235108 0.09201766693047428 0.10311709172016936