1 0.4106268992997742 0.614163277293193 0.14063792431665564 0.20767556699689216
2 0.48424645161435775 0.3279025996667685 0.09684938296032683 0.17133565260503386
1 0.7089637378034002 0.7815157129823881 0.19272277088305217 0.42214048138875027
1 0.6683474698113229 0.3591826406088126 0.07962334160399784 0.1362329065339754
1 0.834004664806143 0.14767371401584542 0.05327485731976367 0.07264128742738744
1 0.5636343527716496 0.18675536889719088 0.07373290653397539 0.07671235731976359
1 0.8033496701828264 0.21749390839149293 0.07013702564056316 0.09993153349844608
1 0.6272816298599548 0.14822371587787225 0.04709763192686935 0.073912688998964
1 0.5974314640203546 0.133523361039308 0.04353598428423418 0.06439213978475226
1 0.6854023449137667 0.1611090136443419 0.0487329065339754 0.07554796360606986
1 0.9129664569910414 0.4191185285315381 0.1176327638537387 0.14891699710451575
3 0.4999014925564019 0.14307383539874488 0.15680657981717355 0.18660108767505643