1 0.63671875 0.1703125 0.028125 0.04296875
1 0.69453125 0.19296875 0.03359375 0.05
1 0.63359375 0.209375 0.03046875 0.0484375
1 0.75078125 0.19296875 0.03359375 0.05
1 0.65078125 0.26640625 0.040625 0.06640625
1 0.7296875 0.25625 0.04296875 0.06484375
1 0.32734375 0.48203125 0.08046875 0.121875
1 0.0859375 0.48203125 0.08515625 0.128125
1 0.33046875 0.3140625 0.05390625 0.07421875
1 0.459375 0.4234375 0.06796875 0.109375
1 0.80859375 0.19609375 0.03515625 0.0484375
1 0.68125 0.35390625 0.05078125 0.078125
1 0.24921875 0.30859375 0.05390625 0.07578125
1 0.4203125 0.29140625 0.04921875 0.071875
2 0.80859375 0.41953125 0.06640625 0.1203125
2 0.73828125 0.61640625 0.10859375 0.19453125
1 0.9171875 0.40546875 0.08359375 0.1015625
1 0.92109375 0.63203125 0.11640625 0.159375
1 0.46953125 0.19140625 0.03125 0.0515625
1 0.971875 0.3546875 0.05625 0.078125