1 0.37750256205786836 0.6023753831193225 0.06975199400955026 0.07461026217486459
1 0.4312897609694092 0.5756395592560606 0.06706350362819702 0.08705571509696383
1 0.33618064681159143 0.672670292209932 0.0768204495445131 0.09815685633066593
3 0.2599083566077235 0.9061743133132504 0.3468998257680484 0.1856331314911742
1 0.4004961179556509 0.6340248035740177 0.08581350362819702 0.08738299756436803
1 0.6434128265706567 0.9416934330398924 0.12180556733052797 0.08957278896022558
3 0.3344495104212551 0.7797969995962581 0.2562252404661711 0.3167819456152035
1 0.48409730243922144 0.5880071457012243 0.0766021947351895 0.09190685633066593
1 0.4830680265785059 0.5137611221622739 0.07600199400955035 0.07471935633066593
1 0.5880482255748648 0.8113298230557783 0.11165180653075488 0.15654210064862326
1 0.6953299575186974 0.7047059017903041 0.10334823320977708 0.14234323295387147
1 0.3759301383740709 0.5797327698887976 0.10612600362819702 0.08773755357072233
1 0.5563939430907271 0.6883696099874091 0.08512402286549073 0.11235572402541756
1 0.5686260698624167 0.5685519878284306 0.05892362141421188 0.07754434740221221
1 0.7800298836495655 0.8916234748427871 0.17840279691210803 0.14521486282348767
2 0.5661161395551974 0.49667698782843067 0.05736112141421188 0.07751707386326193
1 0.6493651491738441 0.5077314902640626 0.05552580290255769 0.06967730032431163
1 0.6571850836574147 0.46303659903036054 0.04905754809323426 0.06331820616851011
1 0.7006796233131285 0.4325718031702759 0.051964293283910834 0.057122753246410876