1 0.47890625 0.11140122523559268 0.0390625 0.06698909255827142
1 0.615625 0.3620956512816428 0.084375 0.14982143992586625
1 0.5703125 0.12852174864923763 0.04375 0.07809028366526398
1 0.66328125 0.1635564583605517 0.0578125 0.0848313569862417
2 0.5046875 0.13003217414713358 0.0484375 0.09544147477225655
1 0.54921875 0.06597710863070419 0.0328125 0.048020837748947984
1 0.7484375 0.13323898658352004 0.0578125 0.0895188569862417
1 0.84609375 0.14311000518784156 0.0671875 0.08515873920022683
1 0.55078125 0.026860044928373322 0.0328125 0.05114583774894797
1 0.58984375 0.023163403771122526 0.0296875 0.04632680754224505
3 0.509375 0.010896544106142065 0.0296875 0.02179308821228413
3 0.44375 0.46106640853803693 0.1828125 0.5438839531727101