1 0.63828125 0.18125 0.03359375 0.059375
1 0.3390625 0.7296875 0.12734375 0.2390625
2 0.7078125 0.20859375 0.03359375 0.06640625
1 0.675 0.33984375 0.05546875 0.08125
1 0.77421875 0.33515625 0.05234375 0.0796875
1 0.8078125 0.259375 0.04453125 0.07421875
1 0.42109375 0.27890625 0.04140625 0.0703125
1 0.27890625 0.25703125 0.04609375 0.06484375
1 0.39609375 0.20546875 0.034375 0.05
1 0.74921875 0.47890625 0.07578125 0.11875
1 0.4234375 0.2265625 0.03828125 0.05546875
1 0.9421875 0.321875 0.065625 0.07578125