1 0.93046875 0.45625 0.13828125 0.15390625
1 0.56171875 0.33359375 0.14140625 0.1109375
1 0.25390625 0.25703125 0.08515625 0.08125
3 0.66796875 0.56796875 0.57734375 0.52421875
0 0.2859375 0.37578125 0.17421875 0.24296875
1 0.1703125 0.3734375 0.09140625 0.1015625
1 0.09921875 0.32890625 0.08046875 0.09296875
3 0.03671875 0.27578125 0.071875 0.1484375
1 0.91171875 0.36640625 0.17578125 0.13671875
1 0.67421875 0.31171875 0.15390625 0.11875
1 0.95 0.3109375 0.1 0.121875
3 0.45390625 0.225 0.26484375 0.1890625
3 0.68359375 0.2109375 0.32421875 0.21640625
1 0.28203125 0.22890625 0.06875 0.0703125
3 0.33359375 0.1796875 0.1875 0.1390625
1 0.215625 0.22421875 0.06875 0.06484375
3 0.16796875 0.15859375 0.15625 0.09453125
2 0.78671875 0.4890625 0.2 0.228125
1 0.55078125 0.42890625 0.1625 0.14609375
2 0.396875 0.36015625 0.11796875 0.140625
1 0.27265625 0.33984375 0.10546875 0.1015625
3 0.15078125 0.27578125 0.184375 0.171875