3 0.6987123523363626 0.597906356760695 0.5868447144358271 0.6351128031897227
0 0.29009117326518746 0.42813087889343776 0.24264946740532797 0.28983013867708357
1 0.14310251299863072 0.4286185753224654 0.1112223079967011 0.11969686379145852
1 0.06421063486452766 0.39942007817225705 0.09822220282385159 0.10221842306201392
3 0.021848604777138084 0.34981881525447917 0.04369720955427617 0.15901263050895836
1 0.8910890351019546 0.3271977325200008 0.17812030298213627 0.1649743026210418
1 0.6564101582214926 0.305318160047327 0.17918269780928675 0.14782317021222244
1 0.9241803314201732 0.2646438343436119 0.09439852084968266 0.13179682028847228
3 0.41744459811322054 0.2426863010055212 0.30516618778015675 0.23819620991548635
3 0.6516210213119009 0.20123007209142413 0.37031982633910127 0.27718728115388924
1 0.24144438776752156 0.2729881307932988 0.08044366943775678 0.08150587955902786
3 0.28937943408574013 0.21077972473312526 0.2174101235152496 0.17369599240055572
1 0.17271711982083288 0.27060670678135434 0.08191524122451135 0.07841724715020834
3 0.11665498792580611 0.20910485590767372 0.17689277210332377 0.12278680262104177
2 0.7890682308661772 0.474924758071216 0.2451379699126104 0.26802787385944454
1 0.5406678347853854 0.4409991272779171 0.19254651583511767 0.17780161094166685
2 0.37410847209068854 0.38865211122600724 0.1453078029821361 0.16421058320625015
1 0.24451190030393385 0.38250860115802104 0.12537573620994644 0.12314917211208343
3 0.11230480555592562 0.33174292211208345 0.21997283386094857 0.20810735999173638