1 0.11670149390762477 0.68828125 0.19611488960884899 0.225
1 0.8314171899331605 0.278125 0.04802048863591431 0.065625
1 0.2995280361175568 0.37578125 0.10177278003177204 0.1015625
1 0.38450700811437954 0.365625 0.11155688311602727 0.125
1 0.8654627276755704 0.43828125 0.07227619480442442 0.1125
1 0.5168422211827486 0.33828125 0.08121481818121908 0.0875
1 0.5577514135515411 0.53359375 0.12117734496658024 0.1390625
1 0.6214065848170153 0.64453125 0.13910123051823947 0.18125
1 0.9710291148520828 0.6125 0.05794177029583451 0.165625
1 0.44498876623205436 0.25 0.0638091298696164 0.075
1 0.5077751383910329 0.26640625 0.0699227621748646 0.0671875
1 0.7177669362764172 0.88359375 0.17125125730360083 0.2328125