1 0.67421875 0.32109375 0.08984375 0.1109375
1 0.08671875 0.7140625 0.171875 0.2109375
1 0.81796875 0.23828125 0.06328125 0.1
1 0.278125 0.30390625 0.11328125 0.10390625
1 0.94296875 0.23046875 0.08828125 0.0890625
1 0.13046875 0.4015625 0.16875 0.13125
1 0.13203125 0.45 0.190625 0.15546875
1 0.76171875 0.37578125 0.1375 0.12421875
1 0.39921875 0.378125 0.159375 0.1390625
1 0.50390625 0.24296875 0.10546875 0.09453125
1 0.39140625 0.30546875 0.13125 0.1296875
1 0.82734375 0.43671875 0.14609375 0.140625
1 0.51953125 0.58046875 0.20234375 0.19296875
1 0.9171875 0.553125 0.165625 0.19609375
1 0.63203125 0.253125 0.10546875 0.09453125
1 0.6328125 0.22109375 0.090625 0.08359375
1 0.23828125 0.9203125 0.33828125 0.159375
1 0.62734375 0.17421875 0.08125 0.08125
1 0.771875 0.1859375 0.08359375 0.07578125