1 0.3445260024342769 0.40036829693790016 0.09383752471457933 0.12133565260503384
1 0.4339107904947291 0.22372021381095766 0.05267401384016459 0.06795378742738745
1 0.4918997040308824 0.2412930115774273 0.0477318458553869 0.06148546360606986
1 0.6882998601526619 0.3005353866798712 0.04948534684397003 0.06624573821317573
1 0.823365926844845 0.38588218940873953 0.06568334980971961 0.08103598428423427
2 0.914422008365776 0.39873325392443226 0.07394151878308008 0.09233735731976349
1 0.6759497573771928 0.39232262634078896 0.07088018577927464 0.09375430810555177
1 0.7793029090503479 0.46836504962398723 0.08232702174883003 0.10676373035529281
1 0.8829717371112377 0.4982409483000797 0.09189302273741298 0.11188787799792799
1 0.6699438606097724 0.6933949747692123 0.13388420456235509 0.1855822431755744
1 0.9270042855146322 0.6662311230310201 0.0962913626613009 0.1432834272121397
1 0.8278651540702511 0.8899776835175821 0.1789712114824372 0.22004463296483578