1 0.9497063619510022 0.34428700447081745 0.08121473201781733 0.13264095048646735
1 0.7595540766231839 0.3069893762227589 0.1390817760184536 0.13833757142762995
1 0.5778773626273199 0.27969799351047353 0.09792951734563574 0.09231595941492107
1 0.4088642806333652 0.2381259224865854 0.06960452267663583 0.07463753571381489
1 0.6405820692234596 0.7980292077966585 0.26173966804581605 0.342000133926806
1 0.21194218527213918 0.4469902280859028 0.08564769334818116 0.11084777110331831
2 0.31303415996977413 0.21714699513203134 0.058467028007636035 0.05725912094116259
1 0.47623304662636545 0.28850202354224563 0.07596361067790855 0.08412162986961631
2 0.8142746552355499 0.705952981742646 0.31508284404836145 0.3616774342511174
1 0.5650479092536855 0.5767366347441756 0.1788351666931806 0.19839440990138843
3 0.3414580572883657 0.32522254789197486 0.20894083736472577 0.23485010714144483
1 0.9088075472629124 0.5027813429445759 0.17300333736472595 0.2342228157455871
1 0.4874598059357302 0.46483269846116776 0.1687510946849084 0.13729326866768635
1 0.28423535594368443 0.40979814529418707 0.08871814934754481 0.10621481818121907
2 0.8030024425923216 0.5335285568237239 0.19785788669636234 0.22215919236879245
1 0.9537098725732316 0.6714943867760658 0.078689716024817 0.18414890340856652
1 0.7128688859405028 0.42574905885231884 0.16569882001909003 0.1434887215897856
1 0.5471262546149115 0.37162244075053 0.12805336935072642 0.13033415665497755
1 0.20885464262413836 0.30957204870275373 0.05563292934436319 0.08220457386326192
1 0.1856620432845477 0.3560612650175337 0.06495338534372679 0.07768071509696392