1 0.30901749345889645 0.3574970759829963 0.12092155405833438 0.11099281094499087
1 0.40835896330647137 0.3837906603337355 0.10675906010845856 0.09306832654882316
1 0.4314601200205255 0.32720646766068173 0.09415906615858276 0.07522572930778511
1 0.5985658067888089 0.3219058932595652 0.07226588544042353 0.0709543091359686
1 0.5352027435570923 0.3045269634768103 0.06757838544042372 0.07070864767057934
1 0.6616697947867565 0.2947535730423202 0.06128293364502539 0.06256859905006032
1 0.5108749092481369 0.2845077125722991 0.059756795081343836 0.06873671189493055
1 0.5936964996072166 0.29041023179417597 0.06287270472226432 0.06733798620519008
1 0.7185555990414825 0.2727424542045561 0.042451120413308986 0.04752345318850324
1 0.5669703731437834 0.2608931501569701 0.05498748184962743 0.05442855042954129
1 0.641198213502863 0.2663452900256334 0.055023843285945874 0.06067855042954129
1 0.5142145744482022 0.5900583497274289 0.13385789129415607 0.18664790818602892
1 0.13981804156530253 0.4056435696514182 0.13651019262201594 0.10556168249628843
1 0.20883166197861147 0.4545591044771273 0.1459579154946528 0.11855300542706679
1 0.8618288760706495 0.3325788788989284 0.056604524004104914 0.06388543758467105
1 0.015172565569407612 0.46003009724103805 0.025454517953980887 0.0794351944820761