1 0.5192811030067892 0.40315410528410806 0.10391065128862387 0.16794618676785794
1 0.5794561216628391 0.6885941981737453 0.147961623699004 0.2944741946765232
1 0.9821120157731744 0.3045401221272031 0.03577596845365107 0.1375928419010542
1 0.5685407123451565 0.9439741289729232 0.18023413387576942 0.11205174205415354
1 0.06404804839337638 0.4337184253991514 0.09157442559888347 0.17056185079830274
1 0.6219303109449908 0.14539729650059025 0.06346935775648763 0.0805443458553869
1 0.6956610600404798 0.12423456231792103 0.06462242198083885 0.07279551285158128
1 0.6119964682265087 0.25335437653864634 0.08130531094499087 0.12336851581733077
1 0.09607489710475245 0.27131126730020555 0.08073210085908263 0.11243101581733077
1 0.7066162494341731 0.2291448968046014 0.09182673111680746 0.14562551779449712
1 0.2461169199446739 0.45672879695770086 0.13688028154634874 0.2020320266917457
1 0.19524938150092022 0.2893847880604522 0.0872277623244719 0.11737318380210837
1 0.46236055913596863 0.0905612633830539 0.06667624491161739 0.08223417984777566
1 0.17369088478028055 0.1606549515966055 0.07169129353213637 0.0886751808363588
1 0.2859219691310198 0.26423489083592133 0.07785276232447184 0.11699118182494202
1 0.3682564343053107 0.19898657562661284 0.06305327792830404 0.10235567885919253
1 0.1492740609449909 0.12613803015178682 0.048096663274411575 0.05497134288963736
1 0.7314004019659924 0.6425534807969902 0.18118355947465298 0.3036237015966055
1 0.9005471735069477 0.6130927683631509 0.19890565298610455 0.2862107085166876
1 0.368890520126388 0.12183382661519601 0.05179487336031983 0.06603617688202616
1 0.2364940999545715 0.09461079893486715 0.049986711894930556 0.06128500988583174
1 0.320705325644312 0.09492381672936427 0.0483423247398008 0.05965884288963737