1 0.9228320921075955 0.8840462036387292 0.06977721057599666 0.18016553482570927
1 0.7504475111182897 0.6532045601520213 0.15903060811666875 0.21764560266810484
0 0.75869478571157 0.3256118266603648 0.10388859016268785 0.13665455223856365
1 0.7830413216195318 0.483090133987311 0.11025676483072289 0.1572946008590826
1 0.5882090480082102 0.15266457032878672 0.042469301131468205 0.050648453188503285
1 0.5420925721105111 0.14634264925245902 0.04560339149054773 0.05237472749876284
1 0.5685687136992548 0.13289098088966483 0.039317030054229284 0.04579717887824382
1 0.6131317799560334 0.14069351481086273 0.03932612041330898 0.04735967887824381
1 0.7015721112399268 0.17266388907569372 0.05028180113146803 0.051057888964152066
2 0.7789976744716433 0.19077980325461644 0.05505111436318462 0.06536605042954133
1 0.5935096263652373 0.12404492537174083 0.03774543969514976 0.04415279172311406
1 0.741456767855785 0.18178326153150237 0.04715680113146803 0.050894114653892555
1 0.6430829003693423 0.18756187075832803 0.0597295240041051 0.06404921189493056
1 0.5874783158639951 0.29555143317365695 0.10377041549465282 0.11634205223856356
1 0.5760908430895542 0.2176344730877487 0.08485678903121965 0.08723440637700666
1 0.27328802995603346 0.1228830585701417 0.07383747579950324 0.07259869629109832
2 0.3920789365718917 0.13613773236000284 0.06131929508134393 0.06881859905006031
1 0.4830948220123153 0.20807468735752846 0.0832761083130606 0.08402751922187682
1 0.44124821047780094 0.26445748416902515 0.10687723477649361 0.11338082654882306
1 0.4388357619038567 0.11828184701389541 0.05812157220870695 0.0561548247398008
1 0.2542305203898678 0.47177758197589004 0.17758062021691715 0.1842532485296619
1 0.4753908854404235 0.09208119515944457 0.042442030054229286 0.04596095318850328
1 0.1228890959182245 0.31494000452255577 0.1381817769309713 0.12439356965141819
1 0.06321463494944424 0.3945998490500603 0.11950449980360829 0.1359109237898611