1 0.53671875 0.2507889824294787 0.0953125 0.09284342306201401
1 0.60859375 0.2217723232351731 0.0828125 0.0753649823325695
1 0.671875 0.19920568579236053 0.078125 0.07681837955902786
1 0.72109375 0.183997606670173 0.0640625 0.06867857123840286
1 0.43984375 0.28038752308267323 0.115625 0.10425370174736122
1 0.28984375 0.2807538118360067 0.1265625 0.10294577488562506
1 0.4265625 0.247102897607708 0.1015625 0.09298889342673622
1 0.528125 0.2166140041809718 0.0875 0.08016158510611113
2 0.5953125 0.19083144776020783 0.078125 0.07838087955902787
1 0.6671875 0.16728353856590222 0.0625 0.07176720364722229
1 0.61875 0.1613796838924995 0.065625 0.06246493882958339
1 0.10625 0.32330825379972217 0.165625 0.13822996466513898
1 0.3203125 0.32770089380798584 0.1375 0.112575348023889
1 0.13828125 0.3788127181805207 0.1796875 0.143244772985764
1 0.54765625 0.17944065929121483 0.075 0.07049564437666671
1 0.46953125 0.20391528885024268 0.0828125 0.0816149823325695
1 0.18203125 0.5551381756274651 0.196875 0.22489481648875015
1 0.359375 0.560385454028472 0.1765625 0.21973453780340294
2 0.61328125 0.3122882204616314 0.10625 0.15559799620027787
1 0.8 0.27356729331555485 0.0796875 0.09872974715020835
1 0.96796875 0.21497027726364504 0.0640625 0.07649107123840278