1 0.29921875 0.0453125 0.03359375 0.03671875
1 0.24296875 0.06796875 0.034375 0.03671875
1 0.23046875 0.04453125 0.02890625 0.03515625
2 0.51171875 0.3953125 0.11796875 0.1796875
1 0.2703125 0.31796875 0.07421875 0.10546875
1 0.165625 0.36875 0.08203125 0.11875
1 0.35703125 0.06875 0.03828125 0.0484375
1 0.3078125 0.23203125 0.06484375 0.08671875
1 0.20234375 0.21640625 0.06015625 0.0796875
1 0.34609375 0.11796875 0.04609375 0.04453125
1 0.3890625 0.10703125 0.05078125 0.05546875
1 0.49609375 0.0953125 0.04765625 0.05390625
1 0.07734375 0.1609375 0.03984375 0.059375
1 0.52265625 0.21328125 0.08046875 0.06875
1 0.77265625 0.28046875 0.11875 0.090625
1 0.08671875 0.09375 0.03125 0.04296875
1 0.821875 0.36484375 0.11015625 0.09453125