1 0.9855410491541147 0.3197095601560807 0.02891790169177071 0.07367651741285455
1 0.8989343413743753 0.27672087799847656 0.04204333605604162 0.06306656603337349
1 0.6464575320069106 0.9227548315256641 0.12231271751493064 0.09224281094499105
1 0.4710945093054869 0.9499358864777612 0.135611498100139 0.06016729534115868
1 0.26542573755399385 0.9521102973773236 0.14694904160312508 0.07792800542706715
1 0.09551328105698 0.9782234972864664 0.1148989545971528 0.04191526232447203
1 0.634953721502084 0.7645705173013129 0.10094817021222244 0.18007700361804452
1 0.48595317704916735 0.7817657406162042 0.10392769984750014 0.17399077792830422
1 0.3373708598948271 0.8169297139310956 0.12318684612402801 0.19684842378986112
1 0.17192835106111187 0.867056945952414 0.13546864057694458 0.18812852103089917
1 0.08653440529767428 0.7940941587518558 0.1256935970739585 0.17044969810012062
1 0.5092419406325353 0.6061139654014335 0.09277199430041687 0.16404256784239593
1 0.37942846048416723 0.6747112364323327 0.09229921561506957 0.14373006784239592
1 0.2321722539871534 0.6996370725920942 0.11363000816812514 0.1885446008590826
1 0.4039180077868755 0.5842566547951269 0.07921733415618064 0.11807497060135788
1 0.3016469929692366 0.5927452634561257 0.08252417211208343 0.1260512449116174
1 0.4163439661837504 0.5132071703989591 0.06944229065319459 0.10039614767057933
1 0.33952689304548656 0.506282141000317 0.06777068787965286 0.09562676051544958
1 0.4468659611497573 0.44668473371879924 0.0550524823325695 0.0855966632744117
1 0.3585301597629865 0.4489676079836302 0.05497974715020844 0.08247166327441154
1 0.4372175510055212 0.40182261307201284 0.04549564437666671 0.07729284034363318
1 0.370084602392292 0.4076875107425922 0.05011040919430556 0.07441350180902226
1 0.39344871399954895 0.36969950983808103 0.04215243882958335 0.06775406603337349
1 0.4098179431979864 0.3336425011316538 0.04520470364722229 0.06479284034363308
3 0.45729235524208356 0.32333244290019636 0.07860039152687506 0.15861808344622813
3 0.16242018559854215 0.5593672766851088 0.26882926728618084 0.3527376549066686
3 0.26830389684520867 0.40363517582602604 0.12166071371520851 0.19832903663473136
3 0.32204518626413225 0.3265094318189199 0.07841855357097227 0.15080558344622813
3 0.3768222988213197 0.2602802442342488 0.09542421561506957 0.14389384215265535
3 0.4596159618153474 0.22152428143480707 0.06777068787965276 0.09562676051544958
1 0.8722822288171879 0.3414760967908121 0.06264677678548622 0.07663109905006031
1 0.7811136745806253 0.4236921325210323 0.07213087955902786 0.08180992198083885
1 0.25572985524208364 0.3338958859119343 0.030633057370694418 0.042180855947465276
1 0.2310019589655558 0.31329013681644546 0.040189895326597294 0.050484678878243816
1 0.15816648385118093 0.4438241638402385 0.06231946846486114 0.06256859905006032
1 0.9704261752462155 0.4791221817073782 0.0591476495075689 0.10368492198083885