1 0.63046875 0.18984375 0.028125 0.04609375
1 0.71953125 0.184375 0.03046875 0.04609375
1 0.68828125 0.20625 0.03046875 0.05
1 0.41171875 0.5765625 0.08359375 0.140625
1 0.65859375 0.30546875 0.04453125 0.071875
1 0.76484375 0.34921875 0.06171875 0.0890625
1 0.7890625 0.2703125 0.04296875 0.05546875
1 0.31640625 0.3265625 0.04921875 0.06328125
1 0.67578125 0.37890625 0.05234375 0.0796875
1 0.85390625 0.25859375 0.04375 0.05390625
1 0.515625 0.23046875 0.03359375 0.04453125
1 0.7234375 0.5203125 0.08203125 0.1203125
1 0.87265625 0.37890625 0.06953125 0.078125
1 0.85703125 0.55859375 0.08828125 0.13671875
1 0.75859375 0.7484375 0.121875 0.20546875
1 0.975 0.521875 0.05 0.121875
1 0.9765625 0.378125 0.046875 0.071875