1 0.6287336731124926 0.3387679814210414 0.1368935696514182 0.13900905068427197
1 0.07399140179868 0.8504914433481812 0.14798280359736 0.2517817706874535
1 0.7821187019453079 0.21625827677431322 0.09380531094499087 0.12133065467854491
1 0.012423677635048373 0.4901164700031817 0.024847355270096745 0.1396079400063634
1 0.258172189620836 0.3242936647039983 0.12316526232447185 0.11542610001590833
1 0.8600046845324535 0.2515605247851309 0.1335229081860291 0.13428518801718106
1 0.9197548207830719 0.27492584679340326 0.09421474672063965 0.12914315467854492
1 0.1601707016066236 0.434158466024817 0.16690861827193712 0.1456044960216353
1 0.23977631445149386 0.43664821403563464 0.19609815128862396 0.16624426002545328
1 0.6219403612629906 0.48330832208781416 0.22405273292582972 0.19311584269572588
1 0.9345842034156459 0.39470254479626676 0.09782442559888338 0.16822383601209037
1 0.480828439620836 0.3268845047342242 0.1669086182719372 0.1456044960216353
1 0.4995961290145294 0.22235154606936045 0.11272572930778502 0.09500451201463571
1 0.44664819142985823 0.27801974339590624 0.14338923111680746 0.14376927601845368
1 0.674474461783389 0.5996151220957684 0.2446042503386842 0.22770901869827115
1 0.30388424355688026 0.8243487560470888 0.33767922094004216 0.3053078547103617
1 0.762802220151132 0.8085821367759041 0.31267257688750727 0.33468627204008927
1 0.6802220092722541 0.1916208087603139 0.119712713703953 0.10913973734881748
1 0.6603156230216356 0.16871911075745036 0.10162445499752568 0.09175224267981759