1 0.47109375 0.15859375 0.05078125 0.07421875
1 0.64140625 0.13984375 0.04609375 0.06875
1 0.56796875 0.15 0.04296875 0.07421875
1 0.08515625 0.73515625 0.16875 0.36875
1 0.19765625 0.3234375 0.09140625 0.1515625
1 0.66484375 0.22421875 0.071875 0.1015625
1 0.59765625 0.28984375 0.08203125 0.13125
1 0.36171875 0.16875 0.05234375 0.08125
1 0.76484375 0.46875 0.12734375 0.178125
3 0.89765625 0.46953125 0.20390625 0.55
1 0.71640625 0.7796875 0.17109375 0.3484375
3 0.2625 0.11015625 0.11328125 0.1609375
3 0.06015625 0.3796875 0.11796875 0.328125