1 0.08984375 0.46484375 0.13984375 0.09609375
1 0.13203125 0.51015625 0.146875 0.09609375
1 0.24453125 0.39609375 0.103125 0.071875
1 0.2828125 0.43671875 0.10546875 0.071875
1 0.36640625 0.33828125 0.07890625 0.059375
1 0.38125 0.3703125 0.084375 0.06484375
1 0.3984375 0.2953125 0.065625 0.05703125
1 0.44921875 0.3015625 0.06875 0.059375
1 0.459375 0.328125 0.06953125 0.06328125
1 0.46171875 0.25859375 0.06640625 0.0390625
1 0.50703125 0.2640625 0.06328125 0.05703125
1 0.52109375 0.29140625 0.06484375 0.05390625
1 0.52421875 0.23203125 0.04921875 0.04453125
1 0.57109375 0.23359375 0.05703125 0.0515625
1 0.5984375 0.25078125 0.05390625 0.0515625
1 0.64296875 0.2296875 0.04609375 0.04453125
1 0.65390625 0.33125 0.071875 0.0796875