1 0.63984375 0.2109375 0.03203125 0.05546875
1 0.746875 0.21015625 0.034375 0.04609375
1 0.72109375 0.25859375 0.04140625 0.0609375
2 0.15546875 0.7296875 0.18984375 0.36484375
1 0.659375 0.30078125 0.05546875 0.090625
2 0.7734375 0.34296875 0.06171875 0.10546875
1 0.83984375 0.30546875 0.04765625 0.06640625
1 0.8625 0.259375 0.05078125 0.06328125
1 0.70703125 0.5046875 0.07578125 0.11484375
2 0.3765625 0.24375 0.040625 0.07421875
1 0.79296875 0.8796875 0.14921875 0.221875
1 0.96171875 0.484375 0.0625 0.11875