1 0.77265625 0.4121380008026082 0.1890625 0.15503970798203354
3 0.6921875 0.6194842201325692 0.615625 0.6371230987183573
0 0.31875 0.3689434952754946 0.209375 0.2869990361123347
1 0.19296875 0.3536136172378607 0.1078125 0.12251489546082901
1 0.1171875 0.29627977767481417 0.0953125 0.11114088584218215
3 0.05546875 0.23006201143274535 0.0859375 0.171751003628197
1 0.9515625 0.4261980447194912 0.096875 0.1611954495445131
1 0.74921875 0.3441320452676454 0.178125 0.14840776206571746
3 0.51484375 0.223447489918017 0.3046875 0.23876492195451693
3 0.7671875 0.23460327784445023 0.371875 0.27548616115474367
1 0.3265625 0.20827881378714883 0.08125 0.08564981252120454
3 0.38671875 0.1603795163268868 0.2171875 0.17477185462398898
1 0.253125 0.19477681977759864 0.08125 0.0793998125212045
3 0.20703125 0.1173859405588384 0.178125 0.12184526206571755
2 0.85859375 0.5510765044308052 0.2359375 0.27386411905195923
1 0.60546875 0.45786218465320666 0.1890625 0.18003970798203356
2 0.44140625 0.36463299590846676 0.1390625 0.16891866950744622
1 0.3078125 0.3279365493591786 0.1234375 0.12462303248413757
3 0.178125 0.24372026206571756 0.215625 0.21065479092165812