1 0.65859375 0.33984375 0.115625 0.11875
1 0.08671875 0.728125 0.17109375 0.24296875
1 0.03203125 0.40625 0.06171875 0.10703125
1 0.82265625 0.2359375 0.05625 0.0890625
1 0.19765625 0.31796875 0.13984375 0.10703125
1 0.37890625 0.24140625 0.07890625 0.08515625
1 0.9703125 0.27421875 0.059375 0.1015625
1 0.78984375 0.34375 0.11796875 0.1109375
1 0.8484375 0.41015625 0.13203125 0.13125
1 0.37890625 0.2984375 0.12734375 0.1015625
1 0.475 0.28203125 0.12265625 0.10703125
1 0.4859375 0.584375 0.225 0.1890625
1 0.84609375 0.57578125 0.16953125 0.20390625
1 0.66796875 0.23359375 0.11015625 0.0984375
1 0.61640625 0.18671875 0.06875 0.078125
1 0.64609375 0.19296875 0.09453125 0.1
1 0.42734375 0.80546875 0.28046875 0.26484375
1 0.09453125 0.91171875 0.18671875 0.17578125
1 0.48515625 0.96171875 0.28125 0.07578125
1 0.80234375 0.16328125 0.06796875 0.08125