1 0.07592675554329034 0.8250162241644443 0.13122858260730733 0.21697190729444457
1 0.3156845551602142 0.4735764382609025 0.12067151583511766 0.17612870174736112
1 0.4145335806287503 0.5376369786297566 0.11992736975432586 0.20421733415618065
1 0.18836118870459365 0.3953449483288887 0.08080738229073817 0.09400587955902787
1 0.5876949136317691 0.16744849914697868 0.04735838479802066 0.07136716014423614
1 0.6906213368304494 0.11820960572024249 0.03868206677218957 0.04149782218833335
1 0.6603738956850803 0.16497615615708278 0.05159124373179384 0.055851262917777825
1 0.7486384253102515 0.10983275484656188 0.04198892319868044 0.04782055737069446
1 0.7581067020324288 0.1869037479127077 0.05181856426490725 0.06366376291777782
1 0.6355748209953319 0.2928108686380203 0.07161423871722902 0.1000376740119445
1 0.7336175159016246 0.2772566441892355 0.08080738229073817 0.09400587955902787
1 0.6905625347062431 0.4422101501731591 0.11387594655564541 0.157233231382639
1 0.8274955480340782 0.24384277251399236 0.07924488229073816 0.09396951196784728
1 0.9217683852602392 0.2236919670431589 0.07929034639736088 0.09553201196784729
1 0.958917729612536 0.42269185828569367 0.059978056743059935 0.12943423328249998
2 0.4043512162181937 0.16312794111069412 0.055625525864247474 0.08717399810013893