1 0.09696513433713848 0.40007469481350705 0.15692393019392786 0.13172539152687507
1 0.12735601786020276 0.4500207966371182 0.16317393019392784 0.13187086189159736
1 0.26413504342774796 0.3601978432742364 0.1235386858759707 0.09814917211208343
1 0.2922912711066137 0.4038393937110767 0.12828073295387146 0.10138327488562524
1 0.38658278774570515 0.3302220153863198 0.09519549756436803 0.08499455547083343
1 0.40090834050564866 0.36025500750253503 0.10613299756436803 0.08524912860909736
1 0.43179587621946364 0.29219599173496563 0.07156708279171564 0.07351154160312508
1 0.47994700406048507 0.30972963706156287 0.07781708279171565 0.07365701196784728
1 0.4888856274372796 0.33494784260864624 0.08110572402541774 0.08310474715020844
1 0.4985839557647684 0.2718666143601393 0.0698954886359143 0.0672251740119445
1 0.5453771351479174 0.277645142095556 0.0666613944801128 0.06090243882958344
1 0.5541384805215348 0.31301959764263937 0.07773526217486477 0.06896951196784729
1 0.564495327923747 0.2569878031897227 0.06350912094116268 0.05926720364722229
1 0.6128237337679456 0.26436519851631995 0.06515344155801372 0.06399107123840286
1 0.6146492865278892 0.29410724990309084 0.07145798863591431 0.06726154160312507
1 0.6586583851479174 0.2802817924561464 0.06205571509696384 0.06548083605604171
1 0.10077197281089698 0.8282724299958681 0.20154394562179395 0.22216985999173638
1 0.5849015109603439 0.3864213832618407 0.08754663879807012 0.09418771751493064
1 0.7319674257329962 0.3789024368328131 0.0747466298696164 0.07670927678548622
1 0.8801379188331374 0.3081022404037855 0.06997730925276535 0.0719126740119445