1 0.40703125 0.60390625 0.07109375 0.08671875
2 0.39609375 0.67421875 0.084375 0.21875
1 0.41796875 0.5546875 0.05078125 0.08515625
1 0.40859375 0.47109375 0.046875 0.0609375
1 0.46484375 0.4609375 0.05625 0.06640625
1 0.62265625 0.8953125 0.09921875 0.209375
3 0.546875 0.44609375 0.07578125 0.1390625
1 0.6453125 0.490625 0.04296875 0.08671875
1 0.62109375 0.43359375 0.03828125 0.05
1 0.665625 0.44609375 0.04296875 0.0609375
1 0.35234375 0.521875 0.05 0.0796875
1 0.61796875 0.41875 0.04296875 0.0484375
3 0.6859375 0.3703125 0.075 0.0984375