1 0.4578125 0.5322570635469827 0.1984375 0.2119621687014785
1 0.1359375 0.3616258175037116 0.1078125 0.12127521370395292
3 0.0375 0.27615970827688596 0.0578125 0.1686548247398008
3 0.70390625 0.26467233661404677 0.4171875 0.31405137041964365
1 0.3328125 0.23099553595736286 0.090625 0.09068695499752559
3 0.3671875 0.15810026854450832 0.228125 0.1728930246489438
1 0.21953125 0.20411985470426988 0.0765625 0.07744997060135787
3 0.159375 0.1338350101767653 0.1734375 0.11533947421940245
2 0.7953125 0.5012881880389564 0.23125 0.2714942989592032
1 0.54765625 0.431454802127022 0.184375 0.1784126843053107
2 0.3875 0.3554732355278215 0.1375 0.1665810696514182
1 0.25625 0.3311017565587207 0.1203125 0.12349281094499087
3 0.13046875 0.2595686725466657 0.209375 0.2094103787873868