0 0.5622346490890261 0.21638361714710616 0.11568454210278442 0.14045785672980182
1 0.320935037293461 0.14258006672936427 0.048730165879249124 0.055035009885831744
1 0.2793477380191004 0.15804855783211572 0.04867560217691817 0.05347250988583174
1 0.29404515507947593 0.13212272779405962 0.04544147477225655 0.050220175893442943
1 0.33493304990733275 0.118966153193211 0.04549603847458741 0.051782675893442945
1 0.3097693588003402 0.11325998125410072 0.04371528366526398 0.045469008897248565
2 0.2443278972749276 0.1605223004177419 0.05379961179556503 0.06616351087441492
1 0.442135425497896 0.08354725942872121 0.04209821996293321 0.04384284190105418
2 0.217966293916883 0.18753312798434005 0.052400802902557685 0.07078734387822054
1 0.48499504809323424 0.08217310182406697 0.046949411069925694 0.048721342889637365
1 0.4527108269491748 0.11830426140588754 0.05821429328391083 0.0585420118629981
1 0.38674108656782163 0.12809841406762593 0.05972222958157998 0.05704317885919248
1 0.38496282095872497 0.18887674657713993 0.07745536660488846 0.07336851581733077
1 0.05020092975906519 0.27587409190105416 0.08052580290255766 0.07193334980971962
1 0.26899059137714504 0.12954155585494936 0.05018353847458741 0.051973676882026164
1 0.3582936827542901 0.2517614071475437 0.0919543762235353 0.08644151878308026
3 0.1278497254052287 0.17605977570316253 0.20562006134007818 0.16908687551288212
1 0.24046628729346103 0.13930121642535312 0.04845734736759484 0.047222509885831744
1 0.052316534383054156 0.4928387574143738 0.07407739546082906 0.11067751482874755
1 0.07581108728561181 0.5624482618629981 0.11713791469812276 0.13739652372599628