1 0.97265625 0.59609375 0.05390625 0.16484375
2 0.78046875 0.490625 0.19609375 0.23125
1 0.54609375 0.4296875 0.1625 0.1484375
2 0.38984375 0.36328125 0.11875 0.140625
1 0.2671875 0.34140625 0.10546875 0.1015625
3 0.14765625 0.28125 0.18515625 0.16875
1 0.06171875 0.28046875 0.05859375 0.0703125
1 0.02421875 0.2703125 0.04609375 0.06484375
2 0.834375 0.4109375 0.21953125 0.2015625
1 0.60390625 0.36484375 0.14140625 0.13125
1 0.45234375 0.30859375 0.125 0.11328125
1 0.3296875 0.284375 0.103125 0.09609375
1 0.2484375 0.26640625 0.06875 0.07578125
1 0.16015625 0.23671875 0.059375 0.0609375
1 0.22265625 0.21953125 0.06484375 0.0484375
1 0.9734375 0.2 0.053125 0.096875
1 0.8625 0.19921875 0.12421875 0.090625
1 0.71796875 0.18125 0.109375 0.07578125
1 0.58515625 0.16953125 0.09375 0.07578125
3 0.434375 0.13046875 0.19296875 0.12421875
1 0.91328125 0.17421875 0.13203125 0.08515625
1 0.7171875 0.15 0.09921875 0.0703125
1 0.59375 0.13671875 0.08671875 0.0609375
1 0.4734375 0.13203125 0.06328125 0.05546875
1 0.30703125 0.1515625 0.06171875 0.0515625
1 0.33671875 0.13359375 0.04140625 0.04609375
1 0.23828125 0.1484375 0.04921875 0.04609375
1 0.26796875 0.13125 0.040625 0.040625
1 0.18671875 0.14609375 0.040625 0.040625
1 0.21953125 0.1203125 0.04140625 0.0390625