1 0.91875 0.6984375 0.1625 0.196875
1 0.7484375 0.559375 0.12265625 0.1890625
1 0.69921875 0.42421875 0.075 0.121875
0 0.6625 0.25625 0.07265625 0.109375
1 0.74921875 0.31875 0.06484375 0.10390625
1 0.47109375 0.14375 0.03203125 0.04296875
1 0.10703125 0.25703125 0.07109375 0.05703125
3 0.490625 0.25390625 0.19765625 0.2390625
1 0.4921875 0.19375 0.046875 0.0484375
1 0.50078125 0.16640625 0.04921875 0.0390625
1 0.43046875 0.15078125 0.034375 0.04296875
1 0.2390625 0.2046875 0.05703125 0.04609375
1 0.2265625 0.1859375 0.05234375 0.04453125
1 0.3421875 0.30390625 0.08515625 0.08359375
1 0.31875 0.1796875 0.05703125 0.05
1 0.32421875 0.15078125 0.04375 0.04296875
1 0.19765625 0.35078125 0.09765625 0.07578125
1 0.459375 0.1265625 0.02578125 0.03359375