1 0.413635847830931 0.45947133876175333 0.07493056733052797 0.09126680913596844
1 0.4651710659797656 0.45755031264247153 0.07649306733052796 0.09134869629109836
1 0.33398306416566703 0.5073156965182409 0.0799454495445131 0.10088747060135787
1 0.4266591151693081 0.8011298942796774 0.16296133538669527 0.2003762155129749
3 0.19724698911540878 0.7329408955228727 0.39449397823081755 0.4778682089542546
1 0.5947865778758471 0.9217688636378398 0.1656646947351895 0.09914126413349429
1 0.41693197342149413 0.49906942729636405 0.08419643992586626 0.08863313206674697
1 0.532440378416152 0.6973287856186786 0.11305061542376223 0.155650213703953
3 0.3348263123515685 0.5501616157855463 0.24375995680090715 0.2810330732694627
1 0.6373759042768677 0.6177464269576799 0.10534724282842375 0.15836577792830403
1 0.4176065852170593 0.43508881445149383 0.09497024881887377 0.08451884215265544
1 0.583948347830931 0.45054563885261045 0.0634474303072194 0.07506859905006032
1 0.49148059483570616 0.4187401181603955 0.08661211179556502 0.06848440637700666
1 0.5929339674310443 0.41654245307696164 0.06613592068857255 0.06273237336031982
1 0.6744915022774347 0.44813993385508477 0.056979175497895794 0.06849105042954129
1 0.7585763255984124 0.42969647105564307 0.053526793283910835 0.05895227611928178
1 0.6994567859426987 0.4031616265281386 0.05051092068857255 0.06191350180902226
1 0.47202870118897555 0.48448462686682275 0.1143204495445131 0.10268898801421251