1 0.39960275933549083 0.1734255015200558 0.07192163879807012 0.09505251482874759
2 0.6184719415613088 0.44424863197585374 0.14685127516050828 0.27298119665368964
1 0.6722131814183344 0.8930197712731289 0.18523193668674978 0.21396045745374223
1 0.5732157629889387 0.3048067885919249 0.09143529788867966 0.13956651878308027
1 0.4792317581176748 0.1352344348278726 0.05298072402541756 0.08335101087441492
1 0.7286198778410214 0.04610690372468364 0.04276024431795715 0.03453150889724856
1 0.6161181034912921 0.17599338049297902 0.08313187418757337 0.11112318380210837
1 0.49730564813356093 0.08515352178601089 0.040153441558013724 0.06409167490485979
1 0.5484687276788656 0.0653476991623286 0.04325116801906326 0.06265650889724857
1 0.5926863319809368 0.08513095855386876 0.049637535713814886 0.07072367688202612
1 0.8195294756502708 0.16786383999824991 0.08146028003177222 0.10480951680591395
3 0.4129662353927987 0.48278325547438855 0.24639117369781083 0.5190523834215476