1 0.72421875 0.18046875 0.03046875 0.040625
1 0.103125 0.64921875 0.11796875 0.159375
1 0.69609375 0.20703125 0.03203125 0.0515625
1 0.30234375 0.35859375 0.05390625 0.08515625
1 0.65 0.25625 0.0375 0.059375
1 0.72109375 0.27421875 0.04921875 0.059375
1 0.7828125 0.253125 0.04375 0.059375
1 0.4015625 0.34375 0.05625 0.09453125
1 0.48515625 0.340625 0.04921875 0.08125
1 0.40078125 0.24296875 0.03515625 0.05546875
1 0.80703125 0.20703125 0.034375 0.0515625
1 0.43984375 0.27421875 0.03984375 0.059375
2 0.71484375 0.5296875 0.07265625 0.14609375
1 0.8609375 0.53828125 0.09765625 0.128125
1 0.890625 0.396875 0.071875 0.09453125
2 0.47265625 0.18125 0.03359375 0.0796875
1 0.95546875 0.84140625 0.08828125 0.1984375
1 0.9859375 0.409375 0.028125 0.09375
1 0.5203125 0.20390625 0.03203125 0.0515625