3 0.07709692503305657 0.3689778709411626 0.12422315128862396 0.1660807418823252
1 0.14253821856519294 0.45597903896022585 0.09619332654882315 0.10783186525911966
3 0.40119060153645114 0.5658661022701809 0.509760018090223 0.4928297970746055
3 0.8375630342598821 0.7751768725627204 0.3248739314802357 0.4496462548745592
3 0.2928137782669884 0.329813779624735 0.20209584577069997 0.19241714529089177
1 0.4653715309805218 0.4054155718313718 0.11666960085908258 0.11131142126547414
1 0.6327537827895442 0.4567304301906326 0.15087418249628842 0.13844666558343127
1 0.8421973818396046 0.5212680373320775 0.18672315128862388 0.16717168344033873
3 0.9366855297373263 0.43574536890597704 0.1266289405253474 0.2477943920444808
1 0.7167259910664301 0.4207304748329014 0.1470940852552504 0.1258921185055307
1 0.5293178443003619 0.374529810467286 0.11198210085908258 0.11122960064862317
3 0.3868570273624773 0.3072587155007057 0.20448386137453217 0.17840919236879244
1 0.9920081948207603 0.580368122152388 0.01598361035847944 0.12729888555165908