1 0.6406697532310413 0.5129492025117669 0.11671864057694456 0.18321369480442443
1 0.7712742815351389 0.07286176501094312 0.030778527735416717 0.04739319724005646
2 0.6344600400845136 0.3096332877391146 0.06871624525034736 0.1339579886359143
1 0.792767421827743 0.08964984455624787 0.03546602773541672 0.047475017856907484
1 0.6375688159200693 0.20964692450858974 0.05330814437666671 0.07590002678536126
1 0.8335015246012848 0.08567145656895672 0.041752395326597025 0.049146612012708826
1 0.7318662894189235 0.08702367653718461 0.03713763050895835 0.05218979139585782
1 0.5476361065732638 0.11116278571051967 0.03419446846486114 0.05994774431795715
2 0.612425305186493 0.1146383875769588 0.04088087955902786 0.0788068384737585
1 0.7120057714671526 0.2015674176087309 0.056724085106111134 0.08845457386326191
2 0.8501064899320138 0.14457885226688563 0.05992182028847246 0.09163412094116259
1 0.5336619127096873 0.2414406209378673 0.06450021751493065 0.08702844155801355
1 0.5903873042365625 0.08768042126217886 0.02943423328249999 0.0567409237011061
1 0.9215074048259027 0.23336070859755162 0.0802343202884721 0.09198867694751697
1 0.6639702746012847 0.08271227759284483 0.03731946846486114 0.06000229139585782
3 0.4481919657119787 0.48848717045139994 0.20651371808361157 0.48465919236879246