1 0.11171510383407013 0.9378974306614583 0.15023634933607005 0.04411628875333342
1 0.42587863954564015 0.6446864124253469 0.15435219847574846 0.21450152393569458
1 0.6694842355620605 0.3952994357923606 0.09592155405833439 0.10690592306201392
1 0.19505991072107487 0.7102068821244789 0.1951771863755 0.249822081306389
1 0.46126721458301756 0.46966757541937454 0.1257999515990063 0.14040940729444457
1 0.4707290938751211 0.32024880366788155 0.09109769867214013 0.08335932028847229
1 0.5380938558771736 0.2882162472471176 0.08324883723582169 0.07692748233256949
1 0.6007393016224475 0.26176154359989534 0.07225679508134401 0.06729790919430556
1 0.6469239552132435 0.24506369966006888 0.0628636143631848 0.06395470364722229
1 0.37598422043675 0.35916779293430523 0.11149201190385663 0.09789459897381958
1 0.23536831079582962 0.36087837614055535 0.12401019262201593 0.10131053970326391
1 0.36292113905466084 0.32197691745934 0.09265110831306052 0.08183318787965285
1 0.45997340105671347 0.2892533768061455 0.08323974687674215 0.0753649823325695
2 0.5273699793155446 0.2517520703853815 0.06914088544042354 0.0687876740119445
1 0.5970239491631195 0.2290399625778467 0.06289088544042354 0.06864220364722229
1 0.5486273557789778 0.223136107904444 0.05971134328594587 0.059194468464861136
1 0.06888330147515367 0.41476970839687494 0.13776660295030735 0.12198671561506949
1 0.26556435002344114 0.40704420811253444 0.1318772347764936 0.11086737765916688
1 0.3748439012531051 0.42090472672989554 0.1258817648307229 0.15447190729444457
1 0.9525315222555892 0.7511623504019089 0.036655638367290064 0.12427395459715278
1 0.6043682956705192 0.3093268746219439 0.0802238311856975 0.09404224715020834
1 0.09025527781473411 0.4642423783247569 0.16796927088084712 0.13826633225631965
1 0.4750716811109427 0.24515788468993013 0.07225679508134383 0.06729790919430556
1 0.638506946334449 0.34915178761597165 0.09117951190385672 0.09742182028847228
1 0.38894328357027075 0.2799706022048608 0.07697156615858276 0.07209451196784729
1 0.7624353257247484 0.2619037479127077 0.06599770472226432 0.06558993882958344
1 0.8569574853656687 0.261266008646284 0.05978406615858276 0.07169446846486113