1 0.525815716222656 0.4522553080653552 0.13428253669052861 0.16010222872636942
1 0.5850835713855058 0.3464774858566481 0.0992859104104042 0.1224113311856975
1 0.6703756002541137 0.2631968323640478 0.08818181043863901 0.09266928903121974
1 0.7174549975809257 0.21918775713027872 0.06503273677523325 0.0706670240041051
1 0.7537866107068704 0.18539401923052712 0.06154371572854576 0.06439884328594583
1 0.44308651620853856 0.43789789227611464 0.12639444198043534 0.13194086729005097
1 0.5154690213996233 0.36172121165615134 0.09617632096198285 0.09583974082661788
1 0.5777862818523798 0.28404111837020546 0.08496580517696728 0.09108860831306051
1 0.6309791712866838 0.24233943170011787 0.06659523677523324 0.0706761143631847
1 0.6839445475668081 0.2045439950300303 0.06806673151356132 0.06912270472226431
1 0.319308110989219 0.484696145104785 0.14523544724210719 0.13361245159900648
3 0.4353033792638962 0.33016720550783124 0.2524248629141832 0.2576317345801019
1 0.57220341076334 0.24580532016560355 0.07486276308359248 0.07853406615858276
1 0.41664438452556796 0.3287137898167867 0.08065773677523325 0.07075792759490121
1 0.4755335371140516 0.2830740368899204 0.08534523677523324 0.07078519867214013
1 0.5198064528567149 0.23361439237431053 0.07091871572854576 0.06445338544042353
1 0.5567373054593159 0.20294110929501913 0.06099768415851479 0.055023843285945874
1 0.3318829766754125 0.3760660336684666 0.10031778939195171 0.08649201190385672
1 0.20479756093274926 0.4260074672152962 0.1244833314853265 0.09912836729005096
1 0.3127990477079825 0.3550904583365016 0.08928928413027978 0.08486587939029935
1 0.3894217318664972 0.2999757114597596 0.07569722099021767 0.06604315651766246
2 0.44228839760916044 0.2504660699692118 0.07918624203690498 0.07231133723582168
1 0.5118875370434643 0.20866893452878826 0.06466871572854593 0.0644170240041051
1 0.4557362475809256 0.22071039227611466 0.05961719468185826 0.05813975292686626
1 0.8641817242563381 0.59633099834968 0.2115730787839034 0.17304765632127078
1 0.6338080396743004 0.20717863652057805 0.07753273677523324 0.07073974687674207
1 0.6120893322617853 0.71416443472518 0.25052916297065303 0.19826582493918146
1 0.067985983111328 0.5206074157892404 0.135971966222656 0.13216812626704133
1 0.3163155587254364 0.87130126561629 0.2969337261107151 0.21727944535249044
2 0.27628063487850385 0.7004984071068375 0.2653197050640278 0.21084763817089805
1 0.21751039255925014 0.4759165636245 0.1356938472703421 0.10387949980360833
1 0.7279444475244559 0.15977185051442042 0.07100972099021767 0.06601588544042354