1 0.8676313794625792 0.2039760967908121 0.04769320616851047 0.049331614653892505
1 0.6070163969091543 0.9081091553609537 0.12087733603812652 0.1280984237898611
1 0.43376981168180667 0.9281361295803563 0.12987050649282175 0.10671474672063966
1 0.21572892369451555 0.9802253312985215 0.1206397824674041 0.025055310944991048
1 0.5984930105467162 0.733395760403908 0.09680463636243815 0.17991322930778503
1 0.45054643424782237 0.7693000401412343 0.09847623051823948 0.18624511646291494
1 0.2897277110331836 0.8293378606971636 0.12393988068039521 0.21411781094499105
1 0.08719877475017576 0.9189303844415964 0.1432978068171333 0.1604948439616777
1 0.48386962864850497 0.5728444419956852 0.08244212743398442 0.16198874491161738
1 0.3507901217486462 0.6541054873368438 0.089981892044481 0.146773180687266
1 0.19442707345292953 0.7006163964273838 0.1160455600635442 0.2090208751693421
1 0.38336506817792376 0.5491789699239893 0.07394778896022584 0.1225168091359686
1 0.2803627991032003 0.5616147721625528 0.08019778896022585 0.12284435775648746
1 0.39699514569463357 0.47886979195025664 0.06569891233702041 0.09710737336031983
1 0.32258548092198125 0.4718219318189199 0.06419095941492108 0.10015048620519007
1 0.4249195482924214 0.42110487958035625 0.05607845048646727 0.0825535504295413
1 0.34356045413662006 0.4191130116471034 0.05437958279171564 0.07465916327441154
1 0.42178486566286155 0.37591521031305086 0.04812958279171564 0.07433161465389251
1 0.3568729318154857 0.3754072772509356 0.04656708279171564 0.07424972749876275
1 0.38130018749752853 0.3412845827688596 0.041825035713814976 0.07087906603337349
1 0.3987098299490466 0.30831163048486737 0.03702844155801355 0.06438340456798422
3 0.4429956180984934 0.2919153465636695 0.0774546185055307 0.14455558344622813
3 0.12893666679795196 0.5773703262101388 0.24434565827653532 0.4046343475797222
3 0.25768145535443604 0.38216961160167484 0.11103077759614007 0.1900252137039528
3 0.3125814151763942 0.30187792401700375 0.089981892044481 0.14677318068726608
3 0.3701660442352316 0.24099465569963807 0.09299779788867965 0.1406869549975256
3 0.4537597942352316 0.23661369290019635 0.05815914772652384 0.11232293758467105
1 0.9823603068171334 0.2838130037336456 0.035279386365733245 0.05994156603337357
0 0.38523193668674965 0.20814453414834055 0.09193412986961631 0.07974945499752559