1 0.43473020409301444 0.046320458438783366 0.04390048620519007 0.06439213978475229
1 0.7121944578226007 0.7828785808551402 0.20929527136958354 0.3651285020669146
1 0.5609319352098219 0.1829770882987382 0.07160276232447202 0.11711903349844603
1 0.5141144889187236 0.11154088999414928 0.05393058344622812 0.07732878742738744
1 0.689418783355371 0.21380109512316375 0.08311347241038014 0.12856595574818702
1 0.6468683559474653 0.011952997623499126 0.03839411465389251 0.02390599524699825
1 0.7086723151288623 0.0003230618296055143 0.036094630257724705 0.0006461236592110286
2 0.6003109384891822 0.05362467111383982 0.06650582654882306 0.10724934222767964
1 0.6760136233603198 0.0336728130702052 0.04727114767057934 0.0673456261404104
1 0.7649090270237929 0.04081962924078229 0.06667624491161739 0.08163925848156459
1 0.5183748637493814 0.01093953825595696 0.03049972749876275 0.02187907651191392
1 0.806203491632257 0.17077022498311858 0.08821705223856355 0.10698205417661048
1 0.9508227332087433 0.1999032992187209 0.09835453358251342 0.13114730024766902