3 0.6157552337646504 0.22769112442032968 0.1780273628234877 0.17445562021691713
1 0.2997810008074836 0.6123807835702707 0.20562625730360065 0.23398515632127062
1 0.517720702918804 0.4751615429400446 0.1337046185055307 0.14138859016268784
1 0.4730143547058129 0.2863399374556545 0.08738299756436803 0.08331246974937905
1 0.378974028406919 0.31501490417997136 0.11586255357072242 0.10378859621281204
1 0.7046774119299833 0.2638962691323313 0.06375458279171564 0.07223861436318471
1 0.24449961688067753 0.3548637202403583 0.14272506249917621 0.12113063231716552
1 0.08958997442915949 0.38779946096878026 0.16021257142762993 0.13841812626704134
1 0.515947922887032 0.3735990429400446 0.11295574188232518 0.11627041549465282
2 0.6477825296247349 0.27204056723873726 0.0922886858759707 0.0958397408266178
1 0.26222031979948157 0.8329341780858807 0.2423001428552598 0.27638173458010196
2 0.5809632224005646 0.2935252026791609 0.08283186525911965 0.09109769867214013
1 0.6434962244291595 0.3845769286750558 0.10199096834337489 0.11464428298109555
1 0.7923309650936686 0.5407582301011116 0.11067622158978577 0.1646897347764936
2 0.7454211887153445 0.315226964975801 0.1307432597392328 0.15074540944452863
1 0.8352513019458694 0.313923019328723 0.07951595048646709 0.0801420179539809
1 0.7600797524323367 0.3940559469236242 0.10333528003177221 0.10215337334017516
1 0.4729967637964224 0.33009448263519425 0.09700345941492117 0.09742951190385671
1 0.9230513108743231 0.3306014592202644 0.06849662986961605 0.07539088544042354
1 0.6694490239426921 0.3047303473911625 0.0811875446422686 0.08640110831306043