1 0.90703125 0.36015625 0.14453125 0.11328125
1 0.71796875 0.2953125 0.11171875 0.10390625
2 0.609375 0.25 0.09453125 0.0890625
1 0.51171875 0.221875 0.07109375 0.06875
1 0.44296875 0.2015625 0.05625 0.059375
1 0.5015625 0.25625 0.07421875 0.07421875
2 0.81484375 0.72421875 0.271875 0.32578125
1 0.58046875 0.56171875 0.15546875 0.171875
3 0.38359375 0.2890625 0.18359375 0.20703125
1 0.94375 0.5296875 0.1125 0.171875
1 0.63515625 0.484375 0.165625 0.14296875
1 0.42265625 0.4484375 0.11484375 0.12578125
2 0.81953125 0.546875 0.17421875 0.20546875
1 0.95703125 0.6953125 0.08515625 0.15390625
1 0.76171875 0.43984375 0.15546875 0.128125
1 0.61640625 0.36640625 0.12109375 0.109375
1 0.28671875 0.3265625 0.06875 0.09609375
1 0.3484375 0.38203125 0.07734375 0.09609375
1 0.50078125 0.31015625 0.090625 0.10703125
1 0.290625 0.26328125 0.04375 0.059375
1 0.24765625 0.24375 0.03984375 0.05390625
1 0.23984375 0.29453125 0.04609375 0.0703125