1 0.04609375 0.940625 0.08984375 0.11875
1 0.09609375 0.78515625 0.13828125 0.21484375
1 0.17890625 0.64609375 0.08046875 0.15703125
1 0.59140625 0.89921875 0.12265625 0.2015625
1 0.42890625 0.84296875 0.10390625 0.23515625
1 0.2203125 0.89453125 0.14375 0.2109375
1 0.4375 0.64296875 0.08828125 0.16328125
1 0.58203125 0.73515625 0.09375 0.18125
1 0.23828125 0.51328125 0.0875 0.14453125
1 0.28515625 0.71640625 0.11875 0.20546875
1 0.1125 0.375 0.07109375 0.08515625
1 0.02578125 0.45859375 0.05 0.1
1 0.60625 0.23515625 0.046875 0.0703125
2 0.33515625 0.3359375 0.05625 0.10390625
2 0.15859375 0.2796875 0.03828125 0.07578125
1 0.69140625 0.29453125 0.04765625 0.071875
1 0.47265625 0.25703125 0.03359375 0.06328125