1 0.9610813934150624 0.7764744819202974 0.07783721316987524 0.18655727711788864
2 0.7940898613322289 0.6139109827782272 0.27911710344286256 0.30469482633910105
1 0.5576116695922642 0.47981581294475906 0.21792165389834964 0.20613765439406198
2 0.405272864875608 0.3637779728156043 0.17044645317271012 0.18758623119538154
1 0.2783358534428626 0.3046720942857898 0.14380954210278443 0.1399838054894186
3 0.1679762176006804 0.20624530298213614 0.2438492368379741 0.23342758010002482
1 0.08755210761921386 0.1828328835443794 0.05289187622353535 0.08426735141192579
2 0.8610218513122779 0.5458716881093613 0.2779562973754441 0.28019493151195063
1 0.6346627537130151 0.42898675032920436 0.1905406983633867 0.18192726458147632
1 0.48585817676384035 0.3247585884132951 0.16784724282842375 0.15785326708875883
1 0.35883931977759864 0.2633089598834806 0.138903787293461 0.13359741316955054
1 0.2753894135169964 0.2202970942857898 0.09562501324684387 0.10111988229073816
1 0.18754218393541644 0.16310906842154235 0.0825248125212045 0.08356866943775673
1 0.23872273801910043 0.15367188394009085 0.08370536660488845 0.07267663354437941
1 0.9346155913771451 0.32941762549380665 0.13076881724570982 0.1337338054894186
1 0.7969023149682752 0.2698116417911426 0.13975695916315994 0.11333037727617326
1 0.6577108401960187 0.21737330040834668 0.12240576805616729 0.10814277210332382
3 0.5049008095259796 0.13253999617256929 0.2438839531727101 0.18972304420664754
1 0.9609871184189871 0.3169092653063922 0.07802576316202589 0.12750052586424748
1 0.8027604453681618 0.2364224802709447 0.1269295769491748 0.10359166442319179
1 0.6745610342982362 0.18586488763450754 0.11086806733052797 0.09063702335696497
1 0.545153787293461 0.14541808089144767 0.08548612141421189 0.07897209765100213
1 0.36470239546082905 0.11831470862983935 0.08225199400955026 0.07575616943775673
1 0.4001215402886859 0.10451663308216101 0.0567063569862416 0.05940374373179384
1 0.2920089399258662 0.09278585972519601 0.06629961179556512 0.06592652837152993
1 0.3260292758607156 0.08362982007089499 0.05341766587924912 0.0546253155185485
1 0.23602183475372307 0.07632813394009083 0.05659722958157989 0.05627874373179385
1 0.27669147477225653 0.05643918276559188 0.05487103847458741 0.05154577962517115