1 0.5203125 0.35078125 0.06796875 0.0890625
1 0.1046875 0.50625 0.12109375 0.18125
1 0.73203125 0.3765625 0.06328125 0.1
1 0.115625 0.7359375 0.16328125 0.24609375
1 0.62578125 0.38828125 0.06171875 0.09296875
3 0.33828125 0.4984375 0.16875 0.3890625
1 0.15078125 0.38203125 0.08125 0.11640625
1 0.81640625 0.59140625 0.121875 0.1796875
2 0.91953125 0.5203125 0.09453125 0.16640625
1 0.67109375 0.584375 0.096875 0.15390625
1 0.27578125 0.35859375 0.05859375 0.09453125
1 0.25 0.3203125 0.05625 0.07578125
1 0.95390625 0.95703125 0.09140625 0.08515625