1 0.0546875 0.878125 0.10703125 0.22578125
1 0.33203125 0.88125 0.240625 0.23671875
1 0.79453125 0.896875 0.30859375 0.20546875
0 0.5984375 0.59296875 0.29375 0.26484375
1 0.73359375 0.18359375 0.10546875 0.08359375
1 0.87109375 0.22109375 0.121875 0.09609375
1 0.9640625 0.20625 0.071875 0.08125
1 0.80234375 0.1640625 0.09765625 0.07578125
1 0.665625 0.13125 0.08984375 0.08125
1 0.56171875 0.11796875 0.08203125 0.0703125
1 0.46171875 0.09375 0.06875 0.0609375
1 0.39140625 0.07578125 0.05625 0.06328125
1 0.35390625 0.05859375 0.034375 0.05703125
1 0.40703125 0.17578125 0.09140625 0.0796875
1 0.859375 0.390625 0.171875 0.1296875