1 0.5203125 0.35078125 0.06796875 0.0890625
1 0.75859375 0.45625 0.071875 0.109375
2 0.1171875 0.48125 0.11640625 0.20546875
1 0.8171875 0.38046875 0.06484375 0.08671875
1 0.64453125 0.38984375 0.059375 0.09296875
1 0.27265625 0.72421875 0.14375 0.2703125
1 0.27265625 0.4453125 0.08203125 0.121875
1 0.23046875 0.33515625 0.06875 0.11484375
1 0.90859375 0.534375 0.10390625 0.12578125
1 0.87578125 0.69921875 0.14375 0.2015625
1 0.3265625 0.334375 0.05546875 0.08515625
1 0.75390625 0.91796875 0.1609375 0.1640625