1 0.46328125 0.321875 0.075 0.06875
1 0.52109375 0.28515625 0.06640625 0.0609375
1 0.57578125 0.2546875 0.05859375 0.05390625
1 0.61640625 0.23359375 0.04921875 0.0515625
1 0.3796875 0.36484375 0.08828125 0.071875
1 0.2484375 0.390625 0.10703125 0.08125
1 0.36171875 0.33828125 0.07890625 0.071875
1 0.44921875 0.296875 0.06953125 0.06328125
2 0.50546875 0.25703125 0.06015625 0.0609375
1 0.56953125 0.22890625 0.05546875 0.0515625
1 0.51953125 0.228125 0.05234375 0.04609375
1 0.08828125 0.4546875 0.140625 0.10546875
1 0.28203125 0.42578125 0.11171875 0.09296875
1 0.08671875 0.7296875 0.171875 0.22421875
1 0.12890625 0.50078125 0.146875 0.10546875
1 0.46015625 0.25859375 0.06328125 0.0515625
1 0.09453125 0.88984375 0.18671875 0.2203125
1 0.39140625 0.2890625 0.06640625 0.05546875
1 0.4625 0.39609375 0.0875 0.09609375
1 0.58515625 0.3765625 0.078125 0.09609375
2 0.6953125 0.25625 0.05625 0.0796875
1 0.8203125 0.2296875 0.053125 0.05546875