1 0.4173245847248615 0.5070160518188391 0.05788654160312508 0.07063975292686635
1 0.47223029027194485 0.5160728892510525 0.07078658510611113 0.08789997579950323
1 0.35580650968673655 0.549567166182024 0.06762521751493064 0.08631929508134384
1 0.45106772435187564 0.7146603801758663 0.10014808320625015 0.14118860226293622
3 0.22399738449611176 0.7613000726014905 0.42253745516583363 0.43364985479701906
1 0.5479109292333688 0.9477223441697087 0.12885365824437506 0.09917381908544912
1 0.5871864090973965 0.6880837237563997 0.09829464247680555 0.1286795119038567
1 0.43138773793524354 0.5405325337666624 0.0736570119678472 0.07698065651766228
1 0.5840412656706603 0.5865257689359396 0.06602634992375016 0.08474770472226431
3 0.4526087745043754 0.5458785639190876 0.17834712480937523 0.21194652985783763
1 0.6558974286646879 0.5517280672387372 0.06617182028847228 0.09099770472226432
1 0.5768625856747921 0.47952179001317835 0.06856946846486114 0.059765885440423716
1 0.6431597329012504 0.47444794975229454 0.04967399810013902 0.05340680113146803
1 0.5929233435585768 0.46458259124284246 0.057341027735416716 0.04720225292686635
1 0.6770983218070837 0.45549796185254304 0.04484102773541672 0.047129530054229284
1 0.30551491574691014 0.5037597624930319 0.10497974715020844 0.08028746369925485