1 0.16638686587875073 0.8723386501621558 0.19190178495361132 0.2553226996756884
1 0.20550065121361172 0.7095500982129911 0.12936411094166686 0.1896818831160271
1 0.7106453589448966 0.8722111542160501 0.18517900626826406 0.23907395697928918
1 0.5244351020110424 0.8572468530809598 0.17831206363895866 0.2795625892845376
1 0.3173506070450355 0.9149722094149212 0.20872430262104177 0.17005558117015768
1 0.47570274201930607 0.6424206939903503 0.14048344889756964 0.19768529788867967
1 0.6536653942797576 0.7056588538917387 0.15189372758291686 0.21818871266133186
1 0.23075195829996575 0.5530234086835725 0.13532317021222234 0.1772909772718286
1 0.33704224515343817 0.7579211887153445 0.18546994699770858 0.2515739569792892
1 0.05644032969086843 0.44533581939903505 0.09476959897381954 0.11254663879807011
2 0.2783497376509031 0.35003082223840887 0.09197190729444457 0.12655459172016936
2 0.07638719414791695 0.329325035713815 0.06464568787965286 0.09327844155801354
1 0.6278379785328474 0.19994464204118564 0.06915134992375016 0.08554776217486464
1 0.4068721683123613 0.23513429951023737 0.05487064437666671 0.07592730032431154
2 0.20701763867708353 0.23789328652459388 0.07383884992375007 0.08562958279171565