3 0.6598405490883648 0.5643796101154808 0.6628656978865732 0.6268674723940333
0 0.30192455172064336 0.3282417692401909 0.21093854176169424 0.27728137749004844
1 0.18562738602959875 0.31423496045667304 0.1069226865718917 0.1199543557412186
1 0.1179404371610669 0.26856697479112907 0.09433178298109554 0.10382001977166348
3 0.06752280152425161 0.2081361521674468 0.08683744554888215 0.1581891847906915
1 0.9155325337666624 0.38134563973579494 0.1650260780624393 0.1723100346004111
1 0.7027557986955812 0.30331743471632944 0.171121541958086 0.14600220258518865
1 0.9587967204367501 0.3288135473404492 0.07891586123992696 0.13912084980971962
3 0.493294961165172 0.19234939570447512 0.2935146924256241 0.2400307282883512
3 0.7260029220357563 0.20083176327151078 0.3593487706844554 0.2786422421285156
1 0.31838131957642835 0.18463634927824696 0.07857951795398091 0.08130834980971957
3 0.3788193707078965 0.1337476699247629 0.20878516842151917 0.17565521049385407
1 0.2528744942444634 0.1669978631184114 0.07856133723582168 0.07818334980971961
3 0.21501594594166562 0.09590145452517398 0.17099427693097136 0.12412720258518868
2 0.7883473441697086 0.49353391642754074 0.2343124092481368 0.2672988824329643
1 0.5607723108940255 0.4082980478719219 0.1853658491396784 0.17782520555093823
2 0.4152058017206433 0.3236259120160975 0.13998971662612103 0.16504136266130082
1 0.294334765518094 0.2902788542211628 0.12099427693097127 0.12208985870696817
3 0.1807449641902341 0.2136765449433534 0.21053856596219106 0.20853137749004844