1 0.29453125 0.55859375 0.09140625 0.08125
3 0.09453125 0.57421875 0.1875 0.171875
3 0.15703125 0.71484375 0.31171875 0.26875
1 0.23359375 0.609375 0.06875 0.071875
1 0.08359375 0.84296875 0.16484375 0.1515625
1 0.22734375 0.78046875 0.134375 0.12578125
1 0.153125 0.97578125 0.17421875 0.0484375
1 0.453125 0.690625 0.10859375 0.10390625
1 0.20703125 0.91015625 0.19296875 0.15703125
1 0.52421875 0.62578125 0.090625 0.09296875
1 0.59140625 0.56640625 0.09921875 0.07421875
1 0.86796875 0.834375 0.13515625 0.14296875
1 0.89765625 0.53515625 0.06484375 0.05703125