3 0.034146638645773685 0.3866074340365653 0.06829327729154737 0.16428513192686944
1 0.07022685260186662 0.4738141815553659 0.09340564934754478 0.10898120181924557
3 0.32446836258754913 0.5673842832935583 0.4947350760661788 0.5102784520241332
3 0.7956604678946867 0.7383023273404834 0.3956248667249973 0.44788115177646437
3 0.23033874395291126 0.3359588089341214 0.19596812269254427 0.19964905128112634
1 0.4005870619430481 0.40064623945603 0.11379087468172652 0.1161772717116218
1 0.5648490092695939 0.44296851840636203 0.1468942760184536 0.14270553846084474
1 0.7743052779280942 0.4933365837506242 0.1831772213558171 0.17406685442427944
3 0.908135932606639 0.3996507421466263 0.17623742536599848 0.2487029813887502
1 0.6535757019414572 0.4005755031048811 0.14362382535009016 0.13005998924663303
1 0.46658477928072967 0.365558455957584 0.10908519334818116 0.1143964478903042
3 0.32671430462286566 0.3072644205971112 0.20051017202418073 0.18736737510244392
1 0.9572081372533674 0.544160567415686 0.07358404535327168 0.15022263192686935