1 0.6905374508935044 0.12273572931411543 0.036755706168510115 0.04833934091247101
2 0.47861237500164766 0.260298101824067 0.085294392044481 0.14556185079830275
1 0.6825771262194636 0.3100447283255322 0.0768273271096728 0.10774351581733085
1 0.6821605202958347 0.5578601458160183 0.1391012305182393 0.18678902866891214
1 0.51948461120193 0.11342044323082956 0.03532957386326192 0.05608817391627663
1 0.5793096245946106 0.09005853908621644 0.03373980032431163 0.054462006920082205
1 0.6248812232146388 0.0770611319758538 0.027135244317957153 0.03389483893530465
1 0.7011739784962352 0.8847529792769343 0.24975808684890524 0.23049404144613134
3 0.9300895056853381 0.5523263647128293 0.12912976136079024 0.42059102570316254
3 0.8466184866106147 0.5418889304164293 0.29814458847046305 0.5320908942959625
3 0.460799357955519 0.16106476437163708 0.10774213636243815 0.17926568874502427