1 0.20390625 0.20546875 0.07109375 0.06640625
3 0.26171875 0.1359375 0.23828125 0.13125
1 0.27578125 0.1984375 0.07578125 0.06640625
2 0.259375 0.2265625 0.059375 0.08359375
1 0.321875 0.2890625 0.078125 0.08125
1 0.459375 0.309375 0.0875 0.090625
1 0.9703125 0.375 0.059375 0.0984375
1 0.94453125 0.43984375 0.11015625 0.11484375
3 0.55390625 0.21796875 0.18046875 0.18671875
1 0.38359375 0.35546875 0.0875 0.10390625
1 0.56953125 0.403125 0.10703125 0.109375
1 0.85859375 0.2984375 0.08515625 0.09609375
1 0.77734375 0.3046875 0.09140625 0.11484375
1 0.79140625 0.2546875 0.071875 0.08515625
1 0.478125 0.44140625 0.10703125 0.121875
1 0.69765625 0.515625 0.13125 0.13515625
1 0.60859375 0.61640625 0.12734375 0.15546875
1 0.8671875 0.746875 0.1875 0.1984375
1 0.7234375 0.19375 0.05703125 0.071875
2 0.90859375 0.49921875 0.18203125 0.1796875
1 0.65390625 0.20703125 0.05078125 0.071875
1 0.9390625 0.96015625 0.121875 0.0796875