1 0.69921875 0.0515625 0.02109375 0.03125
1 0.70859375 0.059375 0.02421875 0.0296875
1 0.28359375 0.3484375 0.08203125 0.1015625
1 0.734375 0.06484375 0.02109375 0.02421875
1 0.7296875 0.03125 0.01953125 0.0296875
1 0.73671875 0.03984375 0.025 0.028125
1 0.74296875 0.08125 0.02578125 0.04453125
1 0.76484375 0.065625 0.02265625 0.03515625
1 0.42890625 0.2390625 0.07578125 0.07421875
1 0.73359375 0.09921875 0.02734375 0.04453125
1 0.7890625 0.08984375 0.02578125 0.04453125
1 0.89921875 0.815625 0.171875 0.27578125
1 0.77265625 0.11484375 0.034375 0.0515625
2 0.70390625 0.1046875 0.03515625 0.05703125
1 0.6875 0.271875 0.05703125 0.090625
1 0.83203125 0.12578125 0.03984375 0.0609375
1 0.6015625 0.06875 0.02421875 0.03671875
1 0.59453125 0.04921875 0.01640625 0.02578125
1 0.8375 0.18984375 0.05078125 0.06640625
1 0.93359375 0.21953125 0.065625 0.078125
1 0.96953125 0.30703125 0.06015625 0.1
1 0.965625 0.15078125 0.06875 0.0609375
1 0.5828125 0.03046875 0.01796875 0.028125
1 0.603125 0.01640625 0.01796875 0.0296875
3 0.55078125 0.09140625 0.04921875 0.10546875