1 0.6787022378015557 0.0597224664344175 0.034647710772388506 0.048877115756780665
1 0.618951550542293 0.40159842427045545 0.09626698770335977 0.16961382096198285
1 0.7470629150036736 0.39179224281336394 0.09793857201231529 0.1884548262236546
1 0.5089265898681002 0.29625004258748494 0.07566359621281223 0.11843075256024882
2 0.724032918519715 0.06020831384593388 0.034665891490547905 0.05200211575678067
0 0.5901033461146162 0.1445972663497129 0.06328177088084708 0.13801521046687393
1 0.6608430929913582 0.2139395295744797 0.059847698672140126 0.08470819994353027
1 0.7705720961146162 0.13408615862661435 0.05189884328594587 0.06081567363517104
1 0.6280709787263694 0.0884613874387526 0.03626475292686617 0.058343121018452536
1 0.5942090631335206 0.044324250564697354 0.02836134933607006 0.042263094710093284
1 0.6253908854404235 0.030785395331260366 0.02678066861791084 0.03904708944842143