2 0.805341405431081 0.20504475261670674 0.05207771046687384 0.06419147477225655
1 0.030375350148233053 0.37647321996293315 0.060750700296466106 0.12912699400955016
1 0.9753585028425974 0.2563865417242663 0.027441731513561506 0.06956845553496285
1 0.4166590660532468 0.29245789554564705 0.09314232622365459 0.09993056733052796
1 0.706700237128169 0.32607152603035167 0.07357327886860787 0.08521330290255769
1 0.8294860187687874 0.395334935919151 0.07466534200867017 0.10396330290255769
1 0.6197000370434644 0.23378976759283118 0.06347023677523325 0.07238592068857255
1 0.5068661080760345 0.2087128673226787 0.08018729991529554 0.0916815577118811
1 0.6335497054169636 0.18417171350914718 0.048497684158514784 0.05626984736759484
1 0.8417104008752808 0.9349082903735038 0.12803253669052878 0.1301834192529924
1 0.3218151298285935 0.9326723900609425 0.19421897881213823 0.13465521987811507
1 0.057649545147733725 0.9130481262235353 0.11529909029546745 0.09797125244707061