1 0.92734375 0.15625 0.09375 0.059375
3 0.36484375 0.08984375 0.30390625 0.1015625
0 0.928125 0.27265625 0.14375 0.1453125
1 0.91953125 0.43125 0.16015625 0.1203125
2 0.35859375 0.1359375 0.07109375 0.06640625
1 0.55078125 0.12890625 0.08515625 0.05546875
1 0.5515625 0.309375 0.14140625 0.090625
1 0.55234375 0.253125 0.11953125 0.078125
3 0.240625 0.3734375 0.43125 0.21484375
1 0.725 0.1296875 0.08828125 0.05703125
3 0.8734375 0.06484375 0.21640625 0.12578125
1 0.92265625 0.13203125 0.096875 0.05390625