1 0.9886845264495335 0.11161889997472944 0.00970819994353036 0.05955685642649074
1 0.8813725553887288 0.10616217333169445 0.04197466837349921 0.051136602665567035
1 0.8213983159120725 0.10478754143666766 0.04381018415851479 0.055869566772189704
1 0.17031541609559908 0.3163738430986556 0.1166708314853265 0.10166545157021041
1 0.406040813492998 0.339932048892008 0.11941639988706054 0.12202341567683303
1 0.4476584370716993 0.2279716064929977 0.0915798262236546 0.09937552586424747
1 0.4498880659826597 0.18969035649299773 0.07606124203690498 0.07396634890464333
1 0.7958915397448876 0.2615149145562058 0.07475634727034208 0.10512542069139794
1 0.6593779160955991 0.3021435777257564 0.08716534200867017 0.10392663354437941
1 0.6127065843985111 0.1794933394042389 0.06824874203690498 0.07373902837152997
2 0.5633660080336821 0.1294538869760987 0.06686825256024882 0.07681856426490725
1 0.8919379140294605 0.888900465493278 0.09098756299888784 0.16955163354437913
1 0.6081548632671191 0.09695362404397498 0.046571163111827296 0.049710494985435075