1 0.5238209917545564 0.3424232796257848 0.10468604195220052 0.16593261646291485
1 0.5465051467621145 0.610804787427701 0.15636891026922992 0.2776823439616777
1 0.4973598044005084 0.8837343543655856 0.19676712613894995 0.19568207146044045
1 0.5115360104527567 0.050771368160395514 0.06714126834526439 0.08296298620519008
1 0.5677559183734993 0.02563632858498805 0.04877069994353036 0.0512726571699761
1 0.6299142841302798 0.051620137948099255 0.0488617052052021 0.0633122274987628
3 0.15759050504991035 0.21664418815049796 0.2612986049510883 0.3408175090451115
3 0.2029525678370367 0.6053005744011165 0.376601441415738 0.742523851197767
1 0.6111936471856374 0.16074283243017526 0.07117632096198286 0.09875176051544958
1 0.10576269454068407 0.2013367706922149 0.07154034200867021 0.10500176051544959
3 0.7481399103398171 0.17167862929744282 0.2272722154461972 0.34335725859488564
1 0.37807106306947497 0.07343866350155417 0.058964747298576904 0.07630355042954132