2 0.60859375 0.453125 0.07109375 0.1890625
1 0.81015625 0.5859375 0.11875 0.19453125
1 0.81796875 0.23515625 0.04921875 0.06328125
1 0.76875 0.14140625 0.03125 0.04453125
1 0.7921875 0.16796875 0.03671875 0.0484375
1 0.73359375 0.15859375 0.03125 0.0484375
1 0.7265625 0.115625 0.02578125 0.040625
1 0.7140625 0.140625 0.02890625 0.04296875
1 0.8265625 0.2703125 0.05859375 0.07578125
1 0.66796875 0.28671875 0.05234375 0.090625
1 0.578125 0.23984375 0.04140625 0.071875
1 0.59765625 0.18984375 0.03359375 0.05546875
1 0.5296875 0.171875 0.028125 0.05
1 0.57578125 0.1515625 0.02578125 0.04296875
1 0.56953125 0.13359375 0.02421875 0.0390625
3 0.84921875 0.17109375 0.09296875 0.140625
3 0.96328125 0.2515625 0.07265625 0.24296875