1 0.8974354247354495 0.928046675930624 0.1287158130679508 0.14390664813875204
1 0.2448799288692788 0.5234507233454353 0.1350771290313853 0.1879695266917457
1 0.2039383291980011 0.07484212699575687 0.04564213978475227 0.042407675893442964
1 0.29274611807313056 0.08393989577883719 0.05069351282028158 0.05041117688202614
1 0.20597805645292203 0.2831321294672148 0.08270980024766902 0.10162084980971961
1 0.29697769975233096 0.11072523026551755 0.04429796360606986 0.04703150889724857
1 0.08870712737875548 0.16250927026595507 0.05312930810555185 0.06922484387822055
1 0.4008989123249435 0.16505458600673617 0.07009848428423435 0.06523768083635884
1 0.4734288837888963 0.15392076783167818 0.07031680810555194 0.06992518083635883
1 0.5281356544670606 0.13892977920038468 0.07046235731976366 0.07305018083635884
1 0.5775919989665427 0.11902845608241083 0.07173375889134022 0.06686384783255321
3 0.039415660670059104 0.09384284190105417 0.07883132134011821 0.11730951680591398
1 0.11096742514522513 0.10471135771838498 0.044516287427387446 0.051719008897248564
2 0.7487713320934851 0.20819040965618268 0.12540672249741008 0.11427735870696817
1 0.7608817262214637 0.3347038301124182 0.1456464478903042 0.11354252965749527
1 0.8751454334173928 0.3182259373365116 0.14971751778268044 0.13398236364988403