1 0.65234375 0.2390625 0.03984375 0.06875
1 0.14921875 0.38359375 0.08046875 0.0984375
1 0.7328125 0.26875 0.04921875 0.07421875
1 0.83671875 0.178125 0.04375 0.0515625
1 0.30703125 0.29921875 0.0625 0.08125
2 0.83359375 0.2609375 0.05859375 0.09609375
1 0.6828125 0.378125 0.06640625 0.1109375
1 0.79921875 0.2 0.04453125 0.05546875
2 0.41953125 0.209375 0.05078125 0.12578125
1 0.87421875 0.38359375 0.08515625 0.10390625
1 0.4921875 0.24375 0.03828125 0.06640625
1 0.36171875 0.1890625 0.040625 0.059375
1 0.81484375 0.81640625 0.14453125 0.209375
1 0.4421875 0.43828125 0.071875 0.13515625