2 0.5985706767601171 0.4380412698541042 0.09951269454068416 0.210325377997928
1 0.825498655854604 0.5817398041811196 0.16034377872743377 0.2380908130679506
1 0.8116068159826597 0.16477278205521312 0.05529371572854558 0.06646406203449332
1 0.7592091290521347 0.07449669251812988 0.037196163111827295 0.05003854135632886
1 0.783488792234549 0.09907716150088322 0.04362817363517095 0.05345463978475229
1 0.7253045659120725 0.09477495926735288 0.037196163111827295 0.05003854135632886
1 0.7051663711596269 0.07935116646328196 0.03545165258848364 0.046840766749222995
1 0.8188886949642071 0.200273634412578 0.0687037683452644 0.08267125889134022
1 0.6619260634224109 0.2465408205160579 0.06667083148532651 0.10127570967712848
1 0.5654374712725663 0.20428700806727984 0.051607273606936135 0.08343323821317572
1 0.584293158061917 0.14809051199622125 0.042702710466874017 0.0643193651776464
1 0.5147542027861277 0.13808411931598483 0.03599768415851479 0.05621576674922304
1 0.5623495396037133 0.11015601840636205 0.03241765785015538 0.04825771753501131
1 0.5565013580054472 0.09017100413833841 0.030491136803468065 0.04193494292790545
3 0.8403835343420415 0.09876463834151943 0.1086454998588259 0.1530950748547749
3 0.9459895212584488 0.1717590285405565 0.08193035239083954 0.25625430810555183