1 0.2758956672049891 0.41719482633910115 0.12841710064862308 0.10993259263643722
1 0.30882694399035027 0.46968934052486616 0.13466710064862308 0.11011444906292792
1 0.3747501785690748 0.3544795291629527 0.10150004464226878 0.08884720282385157
1 0.48967970332584115 0.3180001230530311 0.08883640340856669 0.0791084899708702
1 0.46110468993316045 0.2914005191338229 0.07304776217486478 0.06927884890464338
1 0.5573660353067778 0.2590630437444291 0.07151253571381488 0.07079588479802065
1 0.4436580913131323 0.2760566639609734 0.06830571509696384 0.06601745658477531
1 0.5128211485373028 0.2569860667056827 0.0652079886359143 0.06748902837152997
1 0.6189660085214166 0.20931910800933634 0.05898526217486459 0.0688696719450392
1 0.48431431899199795 0.23429271278647446 0.060384120941162675 0.059540136051661904
1 0.5612762394466932 0.21466818606429716 0.05884889448011279 0.06105717194503919
1 0.6575354050301245 0.36114603246165805 0.09889324188232518 0.11844377461060622
1 0.10318664447681762 0.5433528463973609 0.15026482710967276 0.10900659012915473
1 0.1014389581938098 0.6221681681841155 0.17123189204448094 0.14709762351524952
1 0.8499199537328781 0.15435177784280452 0.06668866801906326 0.06284699247815259