1 0.2453125 0.0390625 0.025 0.03515625
1 0.32265625 0.5765625 0.11953125 0.1890625
1 0.54375 0.6109375 0.153125 0.1984375
2 0.31015625 0.03984375 0.02578125 0.04296875
1 0.2859375 0.05078125 0.025 0.040625
1 0.22890625 0.0546875 0.02734375 0.03671875
1 0.34765625 0.403125 0.09609375 0.1515625
1 0.48046875 0.36875 0.109375 0.14296875
1 0.23046875 0.23984375 0.05 0.07578125
1 0.13359375 0.2765625 0.05703125 0.08515625
1 0.34140625 0.1015625 0.03359375 0.03671875
1 0.25703125 0.090625 0.03203125 0.03359375
1 0.27890625 0.203125 0.05546875 0.06640625
1 0.0296875 0.28046875 0.05703125 0.08359375
1 0.32578125 0.11796875 0.04140625 0.04296875
1 0.409375 0.10625 0.04375 0.040625
2 0.15546875 0.16640625 0.046875 0.08359375
1 0.45078125 0.18515625 0.065625 0.05390625
1 0.68671875 0.19609375 0.07421875 0.07578125
1 0.0375 0.10703125 0.02734375 0.04453125
2 0.07265625 0.071875 0.028125 0.05