1 0.7990439496540989 0.5811924622509996 0.19657605991206673 0.22059669236879245
1 0.6750757054096355 0.4016668291349724 0.09304199375348396 0.14848413879807013
1 0.7338563286516147 0.23626970007613496 0.06928633118569749 0.09338753571381497
0 0.6151063286516146 0.2341969111159091 0.09134313836728972 0.12501936525911975
1 0.7616136899897373 0.1656532370077659 0.058276108313060605 0.08069662094116259
3 0.44151429254726116 0.25773204829242136 0.18879992134838536 0.22671032467404081
1 0.22633926532170223 0.17662454991727447 0.04560339149054773 0.05079093262955987
1 0.27493078054520864 0.2852961663942102 0.08479315651766246 0.07334777110331832
1 0.2794415394240032 0.18145810024158604 0.05341589149054773 0.050927300324311545
3 0.23972505445111786 0.15888762499835235 0.15075449980360825 0.13230575973923261
1 0.2487177384889268 0.3590649030015296 0.10524201190385671 0.0971398271096728
1 0.4156653857350111 0.13461214813026562 0.040897710772388504 0.04758411201270887
1 0.32107050322145386 0.14389959902377006 0.04400453005422929 0.04451365909060954
1 0.06368018403780892 0.46675685186643906 0.12736036807561785 0.13351370373287813
1 0.37118413270994904 0.12524110227018093 0.040852258976990366 0.03977161201270887