2 0.871875 0.38828125 0.13359375 0.1390625
2 0.975 0.4625 0.05 0.1125
1 0.59921875 0.3 0.0625 0.06640625
3 0.54609375 0.21796875 0.13359375 0.128125
1 0.7265625 0.26640625 0.05625 0.05
1 0.69921875 0.246875 0.059375 0.0484375
1 0.80234375 0.23125 0.046875 0.0484375
1 0.41015625 0.31796875 0.07734375 0.059375
1 0.2984375 0.2109375 0.06171875 0.040625
1 0.29765625 0.3703125 0.08359375 0.071875
3 0.5390625 0.834375 0.921875 0.33125
1 0.86328125 0.20625 0.05859375 0.04453125
1 0.3640625 0.3765625 0.0875 0.07421875
1 0.11171875 0.46640625 0.13046875 0.1015625
1 0.2359375 0.73671875 0.190625 0.13359375