1 0.44817880931499043 0.2914147417349656 0.095434516805914 0.08183318787965285
1 0.5170588019006166 0.25789503333809066 0.0842423488211363 0.07532861474138901
1 0.5807247124710204 0.23049803837208382 0.07129667984777566 0.0641001740119445
1 0.6260862920147849 0.21360213231191025 0.061921679847775656 0.06388196846486113
1 0.3538040682122391 0.33136563487736137 0.11150518577927473 0.09313436379145842
1 0.20659348718559975 0.3388663975107988 0.1271938527754691 0.095060539703264
1 0.3359334772997681 0.2950462751699655 0.10050401878308027 0.09131729065319458
1 0.435250386387297 0.26145448480111144 0.08586851581733086 0.07692748233256949
2 0.5023450444862428 0.22242965881305596 0.07623884783255334 0.07045927678548622
1 0.5716070390490354 0.19828495041618105 0.06348417984777566 0.06391833605604172
1 0.5176052885547439 0.1946865185204518 0.06622717787060921 0.05461607123840282
1 0.06301458353527825 0.3971847777354167 0.09415585969555132 0.1270729526972918
1 0.24203358007523712 0.3849608007211807 0.13382585475263548 0.10458101006798622
1 0.08467867790779035 0.4499831226251737 0.13752385771838496 0.11871624525034737
1 0.44981029349765966 0.2165238445085073 0.07403967787060921 0.054797909194305564
1 0.3784273834215475 0.24608275151861142 0.07923651384016442 0.06740701196784729
1 0.7350593853987138 0.2637495623077784 0.07961851581733086 0.07678201196784729
1 0.8228657915204932 0.2158406988006604 0.061603344866803765 0.05606946846486114