3 0.08362489190812478 0.26927863649288203 0.1382663322563196 0.17031511284152784
1 0.12390309337114554 0.3522918114547571 0.09767639342673622 0.103780923062014
3 0.43587119082635367 0.6175051162600004 0.6597868012898616 0.63689481515757
3 0.8706591924418744 0.8673044412981253 0.15661890159486128 0.26539111740374927
3 0.30250217847725674 0.26890134925816 0.194479964665139 0.17006184612402792
1 0.43994566745933994 0.3752812486688198 0.11969686379145852 0.1105400693385418
1 0.5832397661488191 0.4653821846486116 0.15458101006798622 0.13321515634451409
1 0.7490810120647564 0.5606979507005214 0.1816162887533334 0.15414590539458342
1 0.7229016781929163 0.4764495840592714 0.1655185100679862 0.13346972948277802
1 0.5212865864372913 0.37326611341020877 0.11955139342673622 0.10429006933854179
3 0.393145362272847 0.27022941954663227 0.20091180262104177 0.17801981648875015
1 0.18316507133531204 0.5600328826931599 0.1571618026210418 0.17700152393569457
1 0.2794653751906248 0.21755640159486136 0.05425239532659729 0.04967399810013893
1 0.3447273524892013 0.20109690662885446 0.055851262917777866 0.0512728656913195
1 0.9195188390027426 0.660029069525973 0.11878898043270851 0.1386287017473613