1 0.6546875 0.3484375 0.11796875 0.11875
1 0.08671875 0.728125 0.17109375 0.24296875
1 0.053125 0.39375 0.10390625 0.11640625
1 0.82265625 0.2359375 0.05625 0.0890625
1 0.246875 0.3015625 0.13203125 0.1015625
1 0.38828125 0.23984375 0.078125 0.08125
1 0.95 0.30078125 0.1 0.1078125
1 0.9734375 0.38671875 0.053125 0.15390625
1 0.7515625 0.37578125 0.14453125 0.12578125
1 0.78984375 0.465625 0.153125 0.15
1 0.4296875 0.271875 0.1125 0.09609375
1 0.53203125 0.25703125 0.11328125 0.1
1 0.40078125 0.653125 0.24765625 0.21640625
1 0.77890625 0.66484375 0.19765625 0.23359375
1 0.71171875 0.2109375 0.09609375 0.0890625
1 0.64765625 0.17890625 0.08046875 0.078125
1 0.690625 0.17578125 0.084375 0.0984375
1 0.26953125 0.89453125 0.32734375 0.2109375