0 0.37403496144967646 0.8421968398867069 0.18761127737108918 0.28563770555093837
1 0.5665133627864035 0.8593657993547966 0.1339953813653622 0.24128552768032882
1 0.5786662754216778 0.6275109628909499 0.09257040268936265 0.17088018577927463
1 0.9498027420432706 0.2801996338042959 0.05383407200827221 0.0631021778706093
1 0.8831055907065437 0.25790548114255757 0.053743165340544866 0.0552896778706093
1 0.204481151376498 0.3097875409890207 0.05559656667727229 0.08035334486680376
1 0.6072970687062254 0.2667989559708677 0.05069089067472703 0.061412343878220456
1 0.7532459153803159 0.3155654253247893 0.06186474801081765 0.08217051285158128
1 0.19980493141308725 0.5796371259699926 0.10327154535327185 0.15101335475263547
1 0.7397657653962243 0.433357761788636 0.0951317813494537 0.12257001977166357
3 0.9126647266868172 0.4081946412186698 0.17467054662636555 0.3041330375661607
1 0.9289497281189945 0.8391263062376979 0.13077947469763487 0.23334569368794006
1 0.2747112880330894 0.2326719426621759 0.057068160009545024 0.07260451186299814