1 0.6272950831075438 0.11671287143975587 0.03526911465389269 0.04859463025772479
1 0.6880721308235517 0.13144707881213064 0.041928550429541286 0.056734678878243815
1 0.6251660170741703 0.1573378714397559 0.03872166327441153 0.0550084045679843
1 0.7476927922889409 0.12364786691720009 0.041928550429541286 0.056734678878243815
1 0.6447105551792397 0.21552550769037446 0.05228619629109836 0.07597600180902235
1 0.7269022574632318 0.19329862562362737 0.05376680913596861 0.07449538896415202
1 0.3125720053155253 0.4876992373368438 0.10235479534115868 0.13937011646291494
1 0.05908183514370875 0.5227990128902988 0.10901423111680741 0.14751016508343398
1 0.3101474474227521 0.310969641000317 0.0684025192218769 0.08616987336031982
1 0.4492741451841885 0.4065200791508149 0.08755531094499105 0.12457063206674697
1 0.8079309294440706 0.11893271144470466 0.04497166327441171 0.05533595318850328
1 0.6799276809144088 0.3017186352345658 0.06544129353213642 0.08913109905006031
1 0.22408711669005746 0.31781718453245333 0.06848440637700666 0.08773237336031983
1 0.4031914405253471 0.2749292424252265 0.06198874491161739 0.0827173247398008
2 0.8167825497521728 0.351420984850453 0.0882104081860291 0.13707063206674713
2 0.7493958966545265 0.566868922435124 0.1423866530976463 0.21937852103089917
1 0.9282899378118138 0.3198666904138055 0.09972776232447203 0.1189757293077851
1 0.9204896466545265 0.5579022789484162 0.10448386137453199 0.17999511646291494
1 0.4510700978068649 0.1641245392367232 0.0405298247398008 0.05977779172311406
1 0.9632281818189199 0.2627192537336456 0.023090019221876902 0.08379514586155698