1 0.41328125 0.51953125 0.04921875 0.06640625
1 0.46171875 0.5109375 0.05234375 0.0703125
1 0.35625 0.578125 0.05234375 0.078125
1 0.51640625 0.8390625 0.10703125 0.16875
3 0.2234375 0.82578125 0.41796875 0.3484375
1 0.70390625 0.946875 0.1125 0.10546875
1 0.42890625 0.55546875 0.06015625 0.06484375
1 0.58359375 0.721875 0.06875 0.128125
3 0.36484375 0.62578125 0.16875 0.2109375
1 0.65703125 0.63046875 0.06328125 0.12421875
1 0.40390625 0.5 0.08125 0.05390625
1 0.5609375 0.484375 0.04453125 0.0515625
1 0.46640625 0.475 0.06875 0.04296875
1 0.55859375 0.45390625 0.05078125 0.04296875
1 0.6390625 0.46953125 0.040625 0.059375
1 0.71171875 0.43984375 0.0375 0.04609375
1 0.65390625 0.4265625 0.034375 0.04296875
1 0.46953125 0.53359375 0.10625 0.06328125