1 0.458570340521354 0.2857639514434296 0.09556837955902786 0.08139882213985139
1 0.5214892210303124 0.23635671768549843 0.08128767401194459 0.07153274881887368
1 0.5778671608098263 0.19923122911824379 0.06867857123840278 0.06640873920022683
1 0.6190558584731248 0.17643113537884605 0.06239220364722229 0.0646279843909034
1 0.3743395044653122 0.3438095752198943 0.10995818787965286 0.09595239546082901
1 0.23438599848138858 0.3772346557124481 0.12249455547083343 0.09795140507947594
1 0.3524106062889234 0.3117684015360968 0.10378092306201392 0.09885914065150558
1 0.44201927336701374 0.25782000071779015 0.08466724715020835 0.08257937622353531
2 0.5002142862847915 0.20981157585286642 0.07663654160312508 0.07293155771188112
1 0.5628967774510762 0.17056059209493524 0.06082970364722229 0.0645734206885725
1 0.5111342556995832 0.177353739918017 0.06373649810013901 0.05530754809323426
1 0.07701284902227415 0.4677083443723699 0.1540256980445483 0.1400496250424091
1 0.2749376100886455 0.4153993438242157 0.13045252583555564 0.10447422359113005
1 0.11708678286631902 0.5123140054422957 0.1684253045209029 0.12609625244707062
1 0.45083188212447906 0.21512406922944444 0.07169446846486131 0.061830366604888456
1 0.38427950854937476 0.25267614373154856 0.07496493882958344 0.06818949400955017
1 0.7342262635833678 0.2000000993513294 0.07987064437666672 0.07772818511654282
1 0.812298018617361 0.13782997076554132 0.060611498100139015 0.055198420688572544