1 0.626810401351301 0.4725420779606651 0.14842945140261463 0.2723164880191005
1 0.6335210271273631 0.0017509506408214012 0.03608294574527378 0.0035019012816428024
1 0.5846784852674729 0.19594486162592906 0.08350336729005096 0.12164187622353535
1 0.7286279522863774 0.2908977191603249 0.11183744554888211 0.15856152286549072
1 0.6084619397933455 0.012398273961799103 0.042451120413308986 0.024796547923598207
1 0.4597926356368153 0.04643098966356296 0.037809072208706954 0.05443452885594054
1 0.5245273013278599 0.06291659601683244 0.04724770472226432 0.06569941106992569
1 0.7315858224050988 0.05099940545799404 0.05506929508134384 0.06753472958157995
1 0.8050687742004967 0.04160089052427861 0.06766928903121965 0.08320178104855722
1 0.5154341024593281 0.019771791701480353 0.029969301131468028 0.03954358340296071
1 0.8801682472695255 0.1551635718853973 0.09756586729005079 0.12213294954451306
1 0.493609099434266 0.015870503543379058 0.03153180113146803 0.031741007086758116
1 0.5428823915887436 0.005649766157250794 0.032985216822512695 0.011299532314501587