1 0.5271527439247322 0.2702778498994835 0.09627977767481415 0.12040675843752044
2 0.6859572811333752 0.4713741023465543 0.17997027531256152 0.2825099435540633
1 0.6134969824919868 0.32882944908117684 0.09816965988879929 0.12983632213985138
1 0.7028075083527024 0.2576389845605394 0.11623017912609299 0.1554365228654908
3 0.46055306488345715 0.09430313774109875 0.09451887023308565 0.1593601310328588
1 0.5426016730508252 0.11907001396463412 0.052455366604888455 0.0720585384745874
1 0.6374950215995463 0.15680068165798172 0.07331350362819719 0.0883928666048885
1 0.6831646748649238 0.08095743347208029 0.06689981252120454 0.08348711179556507
1 0.5866071333951115 0.09088301577873265 0.0488938569862416 0.05944941106992567
2 0.5752256892928941 0.058415256160085804 0.0478224303072194 0.07345734736759482
1 0.5165773755905632 0.05793161732267871 0.03935516587924912 0.05443452885594054
3 0.4856546915703287 0.540253044001701 0.33474214318339435 0.6031548041685021