1 0.7340839936684219 0.18249981777088667 0.032144114653892684 0.04739319724005649
1 0.634295355608781 0.20656283481701526 0.03551477611928178 0.05213524431795715
1 0.6891433078927731 0.18953502191080196 0.03198034034363317 0.04426819724005644
1 0.6585240716875831 0.251557734979171 0.04233798620519025 0.0631818384737585
1 0.7236234492317745 0.2925742471540357 0.05055992198083885 0.07113070616851011
2 0.7834864501362855 0.26937825486467337 0.049324970601357876 0.07735343262955982
1 0.8080227826780024 0.21897883440997817 0.041764776119281775 0.05224433847375849
1 0.670102301561195 0.3588889939076248 0.05919129353213641 0.08689207386326192
1 0.3282733276804769 0.3013126785690748 0.05771068068726617 0.08842730032431163
1 0.2171820194490195 0.34707341761202615 0.06864818068726616 0.08861821509696392
1 0.8287137409548884 0.2568743007247581 0.04390048620519025 0.06320911201270887
1 0.7798181382867835 0.4139776887120492 0.07547139077317447 0.09966480925276536
1 0.687391620873929 0.44677082345292957 0.08114153663473153 0.1184966298696164
1 0.405440015265148 0.24635817166921595 0.04373671189493056 0.06008411201270887
1 0.5187622088427128 0.24755425324311559 0.040693599050060314 0.0615920649348082
1 0.3278472817734913 0.23483824472169895 0.05055992198083885 0.07113070616851021
1 0.8783142712580417 0.31013171427959446 0.05524742198083885 0.07121252678536116
1 0.8977902103130508 0.43089422767227503 0.0813119549975255 0.09196140340856669
2 0.9088715524657062 0.33881582182807646 0.07358134215265508 0.09338753571381497
1 0.7271070595902539 0.7930924443940921 0.1469103787873868 0.21174779788867965
1 0.9480314704898163 0.5912919853829128 0.05103795680654812 0.13982615909060953