1 0.4890625 0.36875 0.08046875 0.1515625
1 0.52421875 0.6359375 0.11875 0.27578125
1 0.48984375 0.9109375 0.16796875 0.178125
1 0.59921875 0.3015625 0.08359375 0.1296875
1 0.66875 0.20546875 0.071875 0.109375
1 0.7984375 0.24453125 0.09765625 0.11640625
1 0.54296875 0.09609375 0.04609375 0.08359375
1 0.60546875 0.084375 0.04375 0.0609375
1 0.92890625 0.47421875 0.14140625 0.16875
0 0.91171875 0.73984375 0.17578125 0.5203125
1 0.0421875 0.81953125 0.08203125 0.2890625
1 0.29765625 0.346875 0.09296875 0.15
1 0.0625 0.2640625 0.075 0.0984375
1 0.14765625 0.178125 0.075 0.08671875
1 0.19296875 0.11328125 0.05078125 0.071875
3 0.24375 0.19453125 0.140625 0.24609375
1 0.4640625 0.08046875 0.05390625 0.07421875
1 0.76171875 0.93671875 0.17265625 0.12578125