0 0.5812144915537159 0.7099309652338199 0.33694503668480014 0.310762194147917
1 0.6309474377801567 0.24577885267663246 0.0895913489046432 0.07391158510611114
1 0.7367942724990352 0.2880592312857298 0.11848923871722902 0.10112870174736122
2 0.8814906585506972 0.3507618658787507 0.1628590158351173 0.17711062670923622
1 0.04141986882988904 0.8332125435029862 0.039921621007967104 0.19142508700597247
1 0.6957971994586393 0.301157990119445 0.10723348997087001 0.08993662860909737
1 0.4943008279219468 0.8819617808695487 0.28521740063313833 0.2360764382609027
1 0.2108207381885035 0.886340809554896 0.26464883636823106 0.18728702013597243
1 0.7562672819994396 0.9738973205728128 0.3050344924781525 0.052205358854374495
1 0.6380960112162641 0.3841328378589936 0.140500631037097 0.106325348023889
1 0.971609541699365 0.5896263037584036 0.05678091660127009 0.09854790919430556