1 0.588673080621153 0.6629299850854519 0.2610281897323777 0.33536084422416684
1 0.3252589495704587 0.062324694147916936 0.0629780348257091 0.07013196846486117
1 0.09871314394099306 0.6835963628415278 0.1704231218899818 0.2442981267092364
1 0.23383060888814136 0.3292744983844794 0.11863489258219673 0.14945709897381948
1 0.3906482541838715 0.11312543436427117 0.08378185775648764 0.07997974715020839
1 0.23154881388566695 0.23848584422416685 0.09422139077317437 0.1005104526972918
1 0.0029535023748491927 0.3658795731382639 0.005907004749698385 0.12238414627652779
1 0.39880159090945994 0.16650500750253508 0.08879690637700666 0.08633884992375007
1 0.6133487697877037 0.1323884999030908 0.11050148801421251 0.11337412860909728
1 0.027750985131336788 0.18601088839274307 0.055501970262673575 0.07467399810013893
1 0.08934138172806283 0.14600479065319455 0.05837242198083885 0.0715853656913195