1 0.5328556863414756 0.20244630478524311 0.026883404567984215 0.03637387662320544
1 0.8900772868618742 0.3244124025911972 0.06454053482570928 0.06981366801906326
1 0.8999701860027913 0.4340601379807006 0.08608134215265544 0.09360572402541774
1 0.5670216514042249 0.9196302560857846 0.1414925384437538 0.16073948782843067
1 0.40107242480997324 0.9369211217519414 0.14446040818602893 0.1261577564961172
1 0.21044742480997325 0.9352028887980701 0.1569604081860289 0.12959422240385976
1 0.060136402081593446 0.9629363766232053 0.12027280416318689 0.07412724675358931
1 0.5485183921319707 0.7391474638758526 0.11542136137453234 0.17685460064862307
1 0.4106532219601542 0.7586360292176979 0.11246013568479185 0.1799250535707225
1 0.27419009950434553 0.7961342548679686 0.13647084577069996 0.19127165665497756
1 0.12161065411775837 0.842734745128736 0.14740834577069997 0.19146257142762976
1 0.05659420087145459 0.7749239078727935 0.11318840174290919 0.17411143019392766
1 0.4316285425160835 0.5971354675293006 0.1071175384437538 0.16734323295387146
1 0.30993392695767985 0.66617006533855 0.10284611827193721 0.1454136858759707
1 0.17589311963073356 0.6872893145277711 0.12553334577069997 0.191080741882325
1 0.3357771319552055 0.5759132581143795 0.08936347241038015 0.12644549756436801
1 0.23738389755903766 0.5882711619299833 0.09092597241038014 0.1264727711033183
1 0.34390389247065506 0.5103700787312306 0.07555327792830405 0.10122730925276535
1 0.2699308039360443 0.5043870856310895 0.07538950361804461 0.09810230925276535
1 0.3690134350982802 0.44903315827653534 0.06519563206674714 0.08231366801906326
1 0.2890393300553261 0.453110957790068 0.06552318068726608 0.08856366801906326
1 0.3618493882867835 0.40668201704283324 0.05417624491161739 0.08056025324641088
1 0.3006252832438294 0.41108709902377 0.05228619629109836 0.07428297970746059
1 0.32179427634642443 0.3801780182606493 0.050478034825709096 0.0695682061685102
1 0.3369589309144087 0.34447234334172716 0.048424211894930555 0.060165932629559826
3 0.3831279240170038 0.31399963920181184 0.08508540818602892 0.134176176947517
3 0.1276325978068649 0.5547710949665803 0.2552651956137298 0.3563080957773591
3 0.2060530896662645 0.41021829991727443 0.1317014586155702 0.1896273360381265
3 0.2512261488022331 0.33906604869945844 0.1110680540475859 0.1533625535707225
3 0.3059003606971637 0.2805910754848197 0.10580734396167771 0.14234323295387147
3 0.3456898790145294 0.2226382536501527 0.07128185775648763 0.07929776217486459