1 0.23515625 0.017770332387973833 0.03125 0.019295470779006802
2 0.61328125 0.5932013859619916 0.2125 0.31620920129724617
1 0.58984375 0.4404854890462467 0.14375 0.1493841655834313
1 0.3171875 0.017900971593080985 0.03125 0.0317954707790068
1 0.30703125 0.032921999596258196 0.0390625 0.0397443384737585
1 0.22578125 0.04840272362167587 0.0390625 0.0444318384737585
1 0.153125 0.2879521931828667 0.0734375 0.10284435633066594
1 0.246875 0.2620970308458463 0.0734375 0.09971935633066593
2 0.3953125 0.03138104464556399 0.0453125 0.05391593262955986
1 0.37109375 0.04977253449929426 0.0375 0.06002956493480817
1 0.303125 0.060333933443634045 0.0390625 0.03974433847375849
1 0.171875 0.2024686607154626 0.059375 0.08853639448011288
1 0.2453125 0.16290555438479662 0.0625 0.0823409415580136
1 0.1328125 0.1328379991892211 0.0421875 0.05854888555165916
1 0.0484375 0.15227952029253947 0.04375 0.06638865909060954
1 0.46953125 0.12461680154542285 0.0625 0.06046594155801364
1 0.37578125 0.12469071388244324 0.053125 0.05248980032431154
1 0.15625 0.09883514610496599 0.0421875 0.0522988855516592
1 0.52265625 0.16587700122111126 0.0765625 0.08102390340856669
1 0.646875 0.14886500487455925 0.0828125 0.07332049756436802
2 0.0734375 0.08074939366933402 0.0390625 0.0631818384737585
1 0.82109375 0.32160525528159634 0.1515625 0.11670803327818291