1 0.21837793844833375 0.4766499519453079 0.08408667211208343 0.12613313206674698
2 0.06721548195131986 0.5017805059928937 0.08317878875333344 0.15417624491161738
1 0.2687792883720838 0.5584864501362856 0.11017769984750014 0.17431832654882307
1 0.6344334706490626 0.17090572648271 0.032413762917777866 0.051637743102595036
1 0.4771327297671183 0.3355901034610745 0.05679682028847246 0.09349105042954128
2 0.39408318721406277 0.2961391791053864 0.06748105357097237 0.15023237336031983
2 0.38268978590354186 0.2099117520361649 0.03590243882958344 0.06742651741285455
2 0.43583362290951405 0.24154353233931825 0.0392820119678472 0.07852779172311405
1 0.5125409400638544 0.21014636816039553 0.03895470364722229 0.06446529172311397
1 0.4520028303564585 0.19689277363289098 0.03248649810013902 0.05476274310259503
1 0.4253123905769446 0.15918141169253186 0.032413762917777686 0.051637743102595036
1 0.3767112364166321 0.15468866350155416 0.03248649810013902 0.05476274310259503
2 0.8213107552214243 0.8400640829960022 0.18205400626826423 0.2451907485296619