1 0.25234375 0.24453125 0.03359375 0.05390625
1 0.296875 0.24453125 0.03828125 0.05546875
1 0.2578125 0.27109375 0.0375 0.05703125
1 0.965625 0.43671875 0.06875 0.06640625
1 0.946875 0.5046875 0.10625 0.11875
1 0.30546875 0.29609375 0.03828125 0.059375
1 0.81328125 0.38671875 0.10859375 0.09453125
1 0.55703125 0.34140625 0.08125 0.0796875
1 0.67109375 0.359375 0.09375 0.08515625
1 0.40625 0.36796875 0.06796875 0.07421875
1 0.66640625 0.30859375 0.07578125 0.07421875
1 0.4875 0.29453125 0.05703125 0.06875
1 0.56015625 0.29375 0.06015625 0.06484375
1 0.55859375 0.54609375 0.11640625 0.12421875
1 0.5796875 0.2546875 0.053125 0.05703125
1 0.39375 0.23828125 0.04140625 0.05390625
1 0.4703125 0.253125 0.04453125 0.05703125
1 0.49296875 0.23359375 0.0375 0.0515625