1 0.6232781269783645 0.13946668313280824 0.04661605042954129 0.05621528366526398
1 0.1981496472162941 0.9135118845762378 0.1585162641334942 0.1677381154237622
1 0.683396755427067 0.12171369874190485 0.0467798247398008 0.05934028366526398
1 0.6004414925367682 0.21148801607243276 0.056809921980838854 0.07216766587924912
2 0.6810773388732951 0.19693195355122828 0.062480067842395924 0.09108135698624165
1 0.7287125774533343 0.1052603195231446 0.04472600180902227 0.04991071996293313
2 0.16913834011649045 0.46448410753439584 0.12866498982323468 0.16357640507947585
1 0.7183792650380053 0.1619741109929569 0.06174308344622812 0.0770188569862417
1 0.36904208559393464 0.33618794882672287 0.07333568068726617 0.08990080290255768
1 0.7988513370642727 0.1442930484717524 0.06149742198083885 0.07233135698624168
1 0.696908136023476 0.37952619874190485 0.09528592378986112 0.12186013103285873
2 0.8536051933504222 0.3975346103599847 0.12932008706427284 0.17607640507947586
1 0.34414722693293587 0.23452624510585857 0.04480788896415202 0.05147321996293312
1 0.9160056168015991 0.725984503373743 0.16798876639680174 0.23914188947037918
1 0.9590142311168075 0.3169343963875014 0.08197153776638508 0.13430556733052795