1 0.9481943863055184 0.45445186996281334 0.0504563569862416 0.05893989532659738
1 0.772728138752589 0.2846082293858687 0.034176592558271324 0.03982621941479172
1 0.4111581115411111 0.9152470595548958 0.15153276206571747 0.16950588089020827
1 0.25101178522490847 0.8948456002080907 0.1573462524470707 0.16915265634451374
1 0.0796738093987526 0.8351945772223266 0.1593476187975052 0.191354964665139
1 0.46282728286265573 0.740271122243924 0.12642363466105594 0.17780030452090295
1 0.328707743206942 0.7074378256068059 0.12615081614940155 0.16998780452090295
1 0.18932778467675432 0.6909016761961461 0.14889883538669527 0.19549695079743082
1 0.0561482739617991 0.6820143726251737 0.1122965479235982 0.18902874525034735
1 0.0270436165200705 0.5930239545971527 0.054087233040141 0.16729790919430557
1 0.4018054812260424 0.5621448158231601 0.11488593393541642 0.160358231382639
1 0.26901033939341046 0.580946754368403 0.10954366950744614 0.14149912860909736
1 0.1362077630772079 0.5551810753224654 0.13919645317271012 0.18590374525034736
1 0.31764130155179526 0.5093633483082295 0.09466271397248338 0.11773432028847228
1 0.2278347570867581 0.48381652801975716 0.09806053248413757 0.12561955547083342
1 0.3501561903892024 0.4514787663362503 0.08156251324684387 0.10025587955902786
1 0.2863218688823232 0.4210632613022572 0.07989088584218225 0.09709451196784738
1 0.39640619701262436 0.4032964926848962 0.0653918762235353 0.08426720364722229
1 0.3206621525475872 0.37807698071704887 0.06533731252120453 0.0827047036472223
1 0.40178566697555745 0.3611999116628476 0.05574405771188111 0.07623649810013892
1 0.34292902214770055 0.34497419319798645 0.0587599303072194 0.07318423328249998
1 0.3743253550873251 0.31912086122600725 0.050729175497895976 0.0667523953265972
1 0.39944440617578425 0.2939033088893059 0.05379961179556512 0.06526263050895835
3 0.4437301195152954 0.30197103523795177 0.10065974282842394 0.15534342306201393
3 0.13658728602751666 0.41030433320625015 0.2731745720550333 0.3581086664125003
3 0.2566294235989794 0.3085626080918752 0.1473908990890261 0.19702308320625014
3 0.32639877577589765 0.2585820983082295 0.10038692431676957 0.14753092306201393
3 0.39425096388766534 0.2187214709334031 0.11272323320977709 0.14313436379145844
3 0.47220234909687536 0.24790178428802126 0.06889882213985139 0.09527743882958344
1 0.7357192120735668 0.26967290719753534 0.027762901451278844 0.03499324905006951
1 0.5864012583527025 0.2466503684442019 0.030942465153609787 0.03662848423243057
1 0.03771078720864302 0.4362836453265972 0.07542157441728604 0.09095361474138883
0 0.9168526170682245 0.4787427019347925 0.0915377139724832 0.11766158510611113
1 0.7477727787711225 0.30513828172257007 0.03579365626060227 0.04142508700597229
1 0.7100991639803326 0.33162739332982694 0.05029266587924912 0.0542523953265972
1 0.6406968887525891 0.28153516793111166 0.037465283665263985 0.04458645459715278
1 0.5956472835804459 0.2953424415824658 0.039136911069925694 0.04774782218833336
1 0.819796567793864 0.4592822274860076 0.06657243030721957 0.07336607123840296