3 0.1948150358848235 0.8436733455553471 0.3410271787078163 0.3109803996950003
3 0.06297523722950478 0.7631708408056943 0.1259294373806342 0.35127417211208345
3 0.3066177912555945 0.5653645479682984 0.23239761338317955 0.3724971683123613
0 0.4408762546149115 0.37088523651354127 0.09738517202418073 0.18034342306201392
1 0.16124910522759578 0.7749421825613194 0.14751244135899882 0.19244468597979178
1 0.3981989532940927 0.27971602906659687 0.04600339067472685 0.06042966014423614
1 0.5518688459580019 0.296446321335312 0.06328179734245402 0.06864220364722229
1 0.6719637172979107 0.24522670060999943 0.06328179734245402 0.06864220364722229
1 0.5890148572963199 0.2588729329425689 0.05701361600890866 0.06693423328249999
1 0.6633603292886839 0.3133772885659022 0.06964088534372692 0.0781626740119445
1 0.21868362862032034 0.33622386825677064 0.060138616008908664 0.06700696846486114
1 0.39023245930141054 0.22600980081808997 0.03493862133990877 0.04923758700597229
1 0.8355705892743664 0.4148092359448604 0.11230110001590816 0.11976959897381949