1 0.46438573157109264 0.7327356488809802 0.28497030076822566 0.29227750702931327
1 0.7841349033247889 0.2503235250168814 0.0887150192218769 0.08674232878371627
1 0.639965501470338 0.20680034925248375 0.08575379353213641 0.08972177956950463
1 0.7373794120312162 0.23091639950015277 0.07440685775648763 0.08139985731976358
1 0.3852515094993968 0.6288058200972639 0.2756019448207603 0.26222613399378397
1 0.6640371715306129 0.8383628724118475 0.2887503980092635 0.30492305624352517
1 0.11807613410291203 0.7687222289075508 0.23615226820582405 0.3530694578151016
1 0.17923164009580583 0.8498138711735026 0.35846328019161167 0.29032120884855883
1 0.33046434871137603 0.17985458974197105 0.12695200361804462 0.10255141935425689
1 0.28024418419376906 0.4805972983856422 0.26606981456303547 0.22904976095825483
1 0.8809026034610744 0.5109228848178444 0.1987251843053109 0.19318072745980874