2 0.9388615746897486 0.3499169630617785 0.12227685062050284 0.16007620373287815
1 0.7630157916993651 0.2725617560824894 0.12671091567683296 0.11465460957707689
1 0.65124556591426 0.2151702215864904 0.09625052586424729 0.08757391233702042
1 0.5558815901291547 0.15806505924947 0.07718227711788864 0.07630912986961631
1 0.5573819056477032 0.20962755924947002 0.07745506175762493 0.08568412986961631
2 0.834362223607027 0.7118657637931272 0.31500785220334854 0.3600058400953163
1 0.6103156551854848 0.5260162183400795 0.1821091210079672 0.19370690990138845
3 0.4353848851937321 0.23014283644186834 0.21105247492717538 0.22232283360249455
1 0.9577910826073073 0.5337970852207571 0.08441783478538553 0.17981595941492118
1 0.6723095383341529 0.45604068343704346 0.18119983887551355 0.16245690990138845
1 0.4620108843358023 0.39380591598717307 0.13056334138279588 0.13970915665497757
2 0.8530259924116456 0.5482123668773822 0.20677415188677947 0.2363035129856435
1 0.9643115187381115 0.7040959484512819 0.07137696252377701 0.16076595048646744
1 0.8336645754811712 0.4463634947184037 0.17927362602253183 0.14992963636243814
1 0.661041766230829 0.33715431574229177 0.1360404515702104 0.1132557508107789
1 0.33231972116625164 0.25723539610167073 0.07947220282385156 0.10133640340856669
1 0.3912149995377816 0.32229338027335813 0.09219952335696498 0.10936709172016937
1 0.5551805596460537 0.2681531254020942 0.09403480799670091 0.11876936525911966
1 0.3408847274344578 0.20272517410484792 0.05342652837152997 0.06496252678536125
1 0.30104933762187225 0.17548083563108943 0.05025606426490725 0.06334547970746049
1 0.286879189033798 0.22520810024158605 0.05535274122451135 0.07748980032431155