1 0.43828125 0.7953125 0.090625 0.22578125
1 0.50078125 0.20703125 0.028125 0.04453125
2 0.28515625 0.8265625 0.11953125 0.2390625
1 0.040625 0.80390625 0.07890625 0.29453125
1 0.20703125 0.4734375 0.07890625 0.109375
1 0.59609375 0.20703125 0.03046875 0.04296875
1 0.64765625 0.209375 0.03046875 0.0484375
1 0.325 0.35703125 0.05 0.0796875
1 0.1796875 0.371875 0.06328125 0.08515625
1 0.284375 0.31484375 0.05234375 0.08359375
1 0.6125 0.26875 0.040625 0.06640625
3 0.73359375 0.2203125 0.09765625 0.13125
1 0.37109375 0.271875 0.03828125 0.06328125
1 0.275 0.25390625 0.040625 0.05
1 0.72109375 0.3703125 0.0625 0.0890625
1 0.63828125 0.384375 0.05703125 0.090625
1 0.325 0.26171875 0.03828125 0.06640625
1 0.39375 0.2234375 0.03046875 0.05703125
2 0.35078125 0.196875 0.03125 0.071875
1 0.31328125 0.20859375 0.03203125 0.0484375
1 0.75390625 0.81015625 0.121875 0.21875
1 0.928125 0.46640625 0.10234375 0.0984375