1 0.90859375 0.3640625 0.05859375 0.06640625
1 0.825 0.359375 0.046875 0.06328125
1 0.5546875 0.91796875 0.10625 0.1640625
1 0.39453125 0.93046875 0.11875 0.1390625
1 0.21015625 0.9203125 0.128125 0.159375
1 0.053125 0.9328125 0.10625 0.134375
1 0.55234375 0.7296875 0.08203125 0.15546875
1 0.41640625 0.73359375 0.084375 0.1484375
1 0.28203125 0.75390625 0.10078125 0.16875
1 0.13125 0.78515625 0.11328125 0.159375
1 0.05546875 0.7140625 0.109375 0.14453125
1 0.446875 0.578125 0.075 0.140625
1 0.3265625 0.6296875 0.075 0.121875
1 0.19453125 0.63984375 0.09375 0.1609375
1 0.35390625 0.55 0.065625 0.1
1 0.26171875 0.54921875 0.06796875 0.10703125
1 0.36875 0.48671875 0.05703125 0.08515625
1 0.3 0.475 0.05703125 0.08125
1 0.39921875 0.4296875 0.04453125 0.071875
1 0.3203125 0.425 0.04609375 0.0703125
1 0.39296875 0.3890625 0.03671875 0.06640625
1 0.3328125 0.3890625 0.040625 0.06328125
1 0.35546875 0.35625 0.03515625 0.05703125
1 0.37265625 0.32578125 0.0375 0.05546875
3 0.415625 0.31875 0.06484375 0.13359375
3 0.13828125 0.50859375 0.225 0.2984375
3 0.24140625 0.3765625 0.09921875 0.1703125
3 0.29375 0.31171875 0.06328125 0.1296875
3 0.346875 0.25625 0.078125 0.121875
3 0.41171875 0.2203125 0.06171875 0.07578125
1 0.84375 0.41953125 0.01484375 0.01640625
1 0.81796875 0.56875 0.084375 0.0984375
1 0.24375 0.3 0.02734375 0.0390625
1 0.24375 0.26640625 0.03125 0.040625
0 0.97109375 0.4484375 0.05703125 0.128125
1 0.20546875 0.34453125 0.04140625 0.0484375