1 0.5291197445999736 0.3814961874984032 0.1145612015966055 0.16813436379145835
1 0.5237278849416033 0.6514268277910074 0.17220655832640724 0.28030836189159736
1 0.4468602733060667 0.9043998253224654 0.20652320851668762 0.19120034935506922
1 0.548559516805914 0.09237978932201434 0.07218801779449713 0.0859751740119445
1 0.6071068458553869 0.0734492577868755 0.04923067885919252 0.05890352773541672
1 0.6674514382507326 0.1177817924561464 0.051111513840164415 0.06675239532659724
3 0.1927007890490354 0.18946580955489598 0.26187123619701663 0.33546994699770855
3 0.20986170311666127 0.5723146771460765 0.4052073311010013 0.7883793542921531
1 0.6374694609881456 0.22479420545017414 0.07751218775644109 0.10170927678548614
1 0.12809711958138306 0.17469348831649317 0.0777668557412186 0.10795927678548618
3 0.7771686309500896 0.24365592106524367 0.25953941505620914 0.39317334422416683
1 0.41565151631162234 0.08694479407166703 0.059242348821136305 0.07474673328250003