1 0.64140625 0.23828125 0.03515625 0.04609375
1 0.72734375 0.2734375 0.04921875 0.06484375
1 0.7546875 0.21640625 0.03515625 0.04609375
1 0.19765625 0.484375 0.08203125 0.1109375
1 0.65390625 0.28828125 0.03515625 0.06328125
1 0.81015625 0.2140625 0.04140625 0.0484375
1 0.49609375 0.2984375 0.04453125 0.06484375
1 0.68828125 0.36875 0.05625 0.07421875
1 0.81015625 0.2859375 0.04765625 0.0609375
1 0.7796875 0.39296875 0.059375 0.08515625
1 0.6953125 0.475 0.075 0.11875
1 0.88515625 0.3765625 0.06484375 0.08515625
1 0.903125 0.29140625 0.05546875 0.06328125
1 0.82421875 0.940625 0.14609375 0.090625
1 0.51953125 0.19453125 0.03046875 0.0484375