1 0.6362570634069774 0.22944466470908598 0.049102741224511345 0.0768352107723885
1 0.1129428985215672 0.4185550781606354 0.09697795157021036 0.11148292154477701
1 0.7245072211662518 0.25573497481754454 0.06022209765100221 0.08314884328594588
1 0.8253446439692207 0.15087073369633913 0.05172763605166182 0.059665891490547775
1 0.2732689815910929 0.3179425206844554 0.07611988229073816 0.09261474687674198
2 0.8310610980467136 0.23995141441449835 0.07344952335696497 0.10822156615858285
1 0.6826954573761981 0.3757838544042356 0.08332462852981451 0.12546360831306053
1 0.7893987837818063 0.1772196102579681 0.05494356426490725 0.06280907220870705
2 0.383481404394062 0.21313282171772768 0.0681088054894186 0.1394352047222643
1 0.8879368868430848 0.3691667366232053 0.10184730799670091 0.11776019262201594
1 0.4648594365265156 0.24485097521032798 0.04905727711788863 0.07527271077238851
1 0.3197000492212124 0.19557716217500315 0.05039245658477522 0.06746930113146817
1 0.8703261188298891 0.8377349294416131 0.1771775801000249 0.23692834913967858
1 0.4319800550272002 0.45712371623333753 0.09186455423577744 0.15050906010845858