1 0.37898261903856684 0.95754985623551 0.3130454215447771 0.08490028752897985
1 0.8176587787776832 0.9111622762160447 0.33855448165323593 0.17767544756791054
0 0.678141239942855 0.70169105885788 0.36605328863843634 0.3570219101132931
1 0.30157263212077384 0.2825365632693232 0.11621587334017516 0.10627385771838496
1 0.4164800146343312 0.29815358748961096 0.11613406010845857 0.09221135771838496
1 0.57666353571157 0.30936695459953606 0.13662836729005096 0.12428902866891205
0 0.7427834394005621 0.26692873969423875 0.18529312626704134 0.16532520555093821
1 0.5803243460164204 0.26733862209002207 0.11770565046753827 0.09383752471457943
1 0.4545612767345796 0.26533842889637355 0.10990224082661779 0.09508168973360735
1 0.34282889119596016 0.2584424886684745 0.0895170179539809 0.08175401878308027
1 0.5635363009350763 0.20104511862998095 0.09419542759490121 0.08038251977166348
1 0.6807601623713949 0.21207014334456029 0.12405564441741408 0.11127969269935693
2 0.8424925479100143 0.2210034274506798 0.176072662371395 0.19150570357377186
1 0.9251777828828998 0.44390902824898254 0.14964443423420057 0.1593006986308559