1 0.43828125 0.790625 0.09140625 0.221875
1 0.50234375 0.20625 0.03046875 0.05
2 0.284375 0.828125 0.12109375 0.24296875
1 0.46484375 0.21171875 0.03359375 0.0515625
2 0.4328125 0.20546875 0.03203125 0.0609375
1 0.41953125 0.2390625 0.03828125 0.0515625
1 0.01328125 0.6953125 0.025 0.09296875
1 0.6046875 0.21328125 0.03125 0.05
1 0.64921875 0.17890625 0.02890625 0.03671875
1 0.7734375 0.31015625 0.06796875 0.078125
1 0.3921875 0.21328125 0.028125 0.04453125
1 0.3078125 0.23125 0.03671875 0.0515625
3 0.9828125 0.46875 0.034375 0.165625