1 0.536213193309387 0.3774020301889679 0.09752041549465282 0.11488485376405233
1 0.11424170277735675 0.6454318582126766 0.1668885599120669 0.2239362015966055
1 0.7582109131569619 0.3653489936485715 0.08972609621281222 0.11769151878308035
1 0.15805429352921982 0.8995516724334018 0.21836924668035032 0.20089665513319624
1 0.6502256963344492 0.3906434709111585 0.08028746369925485 0.10637201680591399
3 0.359690558163551 0.631990076615196 0.29667709562363687 0.5150943952845456
1 0.8758473441697087 0.5615939353593452 0.15900333703942984 0.21111786661563342
2 0.9544541332009283 0.48196478516906477 0.0870192527304745 0.1894391847906915
1 0.7257791664766116 0.5672006537246836 0.12599993949875793 0.1769683596955513
1 0.2716689042781672 0.4494548078321158 0.08819086729005096 0.12231535178688588
1 0.24065979879377714 0.4067752179082279 0.0850022347764936 0.11125051779449713