1 0.4521738785158126 0.6143475947246791 0.07869268577927464 0.09149770401018138
2 0.4248102238769079 0.6710333993873157 0.11085788144438116 0.22930678668045382
1 0.4526076186299809 0.5674998667249973 0.06319501977166339 0.09444089067472686
1 0.4466666833449978 0.47919134472467917 0.06204901384016441 0.06631589067472703
1 0.5081944323564146 0.47522200739972426 0.06868101581733085 0.07576361600890866
1 0.6569409274506798 0.8486515114178598 0.11414470752810466 0.1949863306810901
3 0.5987730114058876 0.45597311541213276 0.09536553262324468 0.15572383601209036
1 0.7008740222803025 0.5086992207590413 0.053756352775469196 0.09276930267345414
1 0.677583760911596 0.4545475227561777 0.04610567885919252 0.0583215773392725
1 0.7264987633830539 0.4668298940960865 0.04948534684397003 0.06460794000636341
1 0.38636319471370434 0.5323703413828614 0.059751684790691505 0.08659202800763595