1 0.3896675297596417 0.23828125 0.06147383118569749 0.0921875
1 0.7156573371376258 0.13984375 0.04250566256778665 0.0546875
1 0.4538037943939729 0.51953125 0.1292794756031114 0.1984375
1 0.7633772196511831 0.15078125 0.040961343285945875 0.0578125
1 0.5027397015008106 0.20234375 0.05989315046753809 0.0890625
1 0.5504055627407373 0.33828125 0.08510222872636941 0.125
1 0.7317504906302261 0.2203125 0.056695427594901204 0.0765625
1 0.7973618550916066 0.21796875 0.05823065651766228 0.071875
1 0.5521357135028631 0.2328125 0.061437469749379046 0.0859375
1 0.49937380698520056 0.1609375 0.04569429508134384 0.065625
1 0.5515039335468297 0.12421875 0.03777271077238851 0.046875
1 0.7920027102814092 0.37109375 0.08662836729005079 0.11875
1 0.5294425811856975 0.0921875 0.033085210772388504 0.046875
1 0.5692999667243168 0.09453125 0.033076120413308985 0.0453125
1 0.8497798906067849 0.63359375 0.1715760599120671 0.2171875