1 0.1132590750784851 0.28223980737798404 0.08682497060135783 0.07704428903121974
3 0.10797070952008136 0.21115514773706368 0.20136550542706694 0.14643970452587265
1 0.1886242452503016 0.3036830153217022 0.08567190637700657 0.08484769867214012
1 0.23916647783744707 0.26900348829253506 0.08698874491161739 0.08016928903121974
1 0.27212946404263716 0.3313307714700223 0.09734639077317438 0.0989738311856975
1 0.353798865897088 0.29412568725926275 0.10030761646291478 0.09586701190385671
1 0.3981021438253921 0.3938984282822723 0.11379026232447184 0.11468973477649361
1 0.4832274163266293 0.3480768681738137 0.11995837516934209 0.11316359621281205
2 0.3240051452957301 0.21771317818407648 0.10483134215265535 0.09276928298109546
1 0.6237539190401628 0.4199377117543472 0.13524918249628842 0.13668290944452863
1 0.5321639625722991 0.5064342688377437 0.15226626413349428 0.16333631303532492
1 0.888678476932936 0.24099860373587428 0.1259560696514182 0.13819086729005098
1 0.7927175237444326 0.19935652528065134 0.08336577792830421 0.1004545179539809
3 0.6737628058566083 0.19614114257070228 0.25668152645796594 0.27797150565734075
1 0.6185540846894235 0.3207189617543472 0.12275582654882307 0.10693177693097126
1 0.877446564335893 0.6380599560970064 0.205050427407906 0.21675220452587265