1 0.1858667498806873 0.8811880073599534 0.2426976720241807 0.1809249253659985
1 0.42361548193827553 0.45967827605822464 0.13644767202418073 0.17968859468490822
1 0.5672853079646835 0.26679243674408737 0.0856658746817267 0.11191929201145401
2 0.6222460753103192 0.1767946927514052 0.07945223734881743 0.1149715666772722
1 0.7165586019653197 0.26384125409767734 0.08909995735199913 0.13851815467854492
1 0.8699659599777283 0.17420768411835819 0.06179202267663584 0.07414657200827239
1 0.7231636853119101 0.1662486387650864 0.05401588534372674 0.07718066534054513
1 0.9522950126114116 0.4181673167965849 0.08759200135263541 0.14318747334499946
1 0.6672864026495917 0.13356286075745039 0.04763861600890866 0.06617044000636332
1 0.9104405832272775 0.7919497147914942 0.1236578653723619 0.2888999626829992
3 0.5635710566518188 0.11594755207667831 0.17730902936027135 0.20047380935708983