1 0.08046875 0.56328125 0.11015625 0.15
1 0.41953125 0.51953125 0.08515625 0.1703125
2 0.6828125 0.18828125 0.034375 0.06328125
1 0.35546875 0.4046875 0.06171875 0.0984375
1 0.73515625 0.29921875 0.04921875 0.078125
1 0.475 0.33359375 0.05 0.08359375
2 0.43671875 0.24921875 0.04140625 0.07421875
1 0.67578125 0.38359375 0.05625 0.08359375
1 0.38203125 0.225 0.0375 0.0515625
1 0.85078125 0.4109375 0.07421875 0.10703125
2 0.93671875 0.31796875 0.071875 0.09453125
1 0.83828125 0.9609375 0.13671875 0.078125
1 0.47578125 0.1734375 0.03046875 0.040625