1 0.34609375 0.88125 0.20390625 0.23671875
1 0.68046875 0.55625 0.10078125 0.21328125
1 0.509375 0.41953125 0.08828125 0.1484375
1 0.4703125 0.21875 0.053125 0.0796875
1 0.65 0.29453125 0.07109375 0.15703125
1 0.56171875 0.2265625 0.05703125 0.10390625
1 0.64296875 0.1109375 0.03515625 0.0609375
1 0.5984375 0.08984375 0.02890625 0.05
1 0.7640625 0.190625 0.053125 0.078125
1 0.8203125 0.17109375 0.05390625 0.078125
1 0.87109375 0.13671875 0.05 0.0703125
1 0.80234375 0.10078125 0.04375 0.05703125
1 0.95625 0.08125 0.0875 0.05390625
1 0.57890625 0.16171875 0.04453125 0.071875
2 0.57890625 0.1109375 0.03828125 0.0703125
1 0.88984375 0.50703125 0.13359375 0.18359375
3 0.48671875 0.11796875 0.125 0.15703125