1 0.44131448100526577 0.5303897448282043 0.22215604025277608 0.22388707195929064
1 0.18744028776638516 0.29379931162020856 0.12357469810012063 0.1273330955329393
3 0.0992586143152083 0.18318283519385709 0.12767569990914296 0.17584337014004517
3 0.7249878753964847 0.34781280107172935 0.4424419640426372 0.3526071931327932
1 0.3955637262555674 0.22282764784752293 0.10178822930778511 0.09826202564056316
3 0.4433295188831926 0.16318297415003985 0.2440376843053107 0.1952911910658786
1 0.29818411521971944 0.16817007299274805 0.08550813206674715 0.08503427956950463
3 0.25848752939864217 0.08878863399378405 0.18483974672063966 0.13642130521006773
2 0.7615550599289381 0.5915114511955638 0.2675371393028364 0.28678948635114876
1 0.5505090965636695 0.4642082808078497 0.2065376843053107 0.19354460049533806
2 0.42092117311249255 0.35166327729319297 0.15884381275401332 0.17573636228216233
1 0.3063540620766447 0.2962051817602537 0.1363203595655099 0.13260279238978612
3 0.2065388478068649 0.19836053308416124 0.23630042740790574 0.22610454342324346