1 0.2670833841129017 0.36847714837123596 0.09956846878180681 0.12520338584218216
3 0.12359136677452454 0.7168749867531561 0.2135714929132419 0.48500002649368773
1 0.25384431804831814 0.5269444127992061 0.12458831614940155 0.1713343413771451
1 0.37688500316486095 0.6008680077197303 0.15736609981466554 0.21617561542376224
1 0.2730754345683886 0.2712747661572508 0.07186013103285874 0.09146330290255769
1 0.3198760234984629 0.22270829138499426 0.06388393992586625 0.0865029843909034
1 0.5317386172378606 0.17463534601683245 0.053908739200226916 0.06898810217691827
1 0.38167661905195926 0.22289677514292547 0.06048612141421188 0.07858135698624161
1 0.41271579872620645 0.1709696873939775 0.047440484390903315 0.06251984736759483
1 0.6210590667823738 0.2685093423886354 0.09197422359113024 0.13118056733052796
1 0.34097720798203357 0.17738586770119685 0.04733135698624169 0.05939484736759484
1 0.431855179126093 0.13666660926367635 0.042425602176918174 0.05298115626060227