1 0.34140625 0.26796875 0.046875 0.08359375
1 0.640625 0.1234375 0.03359375 0.0484375
1 0.44453125 0.528125 0.09765625 0.1796875
1 0.68828125 0.12578125 0.03125 0.0515625
1 0.44453125 0.21484375 0.04453125 0.08125
1 0.5109375 0.3390625 0.065625 0.11328125
1 0.6671875 0.196875 0.04453125 0.06875
1 0.73046875 0.18515625 0.046875 0.06328125
1 0.496875 0.23671875 0.046875 0.078125
1 0.43515625 0.17578125 0.03515625 0.059375
1 0.48046875 0.13203125 0.03125 0.040625
1 0.74765625 0.33359375 0.06796875 0.10546875
1 0.4546875 0.10546875 0.02578125 0.04296875
1 0.49296875 0.1015625 0.02578125 0.040625
1 0.84140625 0.578125 0.13671875 0.19296875