1 0.41828560695451344 0.5134182286297566 0.05952177678548622 0.07478310087368065
1 0.4692850625015968 0.5028612819163885 0.061157011967847195 0.07794446846486114
1 0.35907295469406203 0.5749200795034373 0.0550524823325695 0.08404899810013902
1 0.43799608206888835 0.6394533985576386 0.07903549620027786 0.1080320119678472
3 0.5268598667381592 0.5788230634515272 0.11014263867708358 0.23681162860909738
1 0.663536370253541 0.8793834950629161 0.11548344889756965 0.1978945989738193
3 0.5789146356398607 0.4893780505337495 0.08986519984750015 0.17075021751493064
1 0.6727003500206592 0.5192090612673258 0.056687717514930645 0.0872103656913195
1 0.6310044657119788 0.46552167002479117 0.04524107123840295 0.06508079255305557
1 0.655695994397326 0.44464547236149254 0.04502286569131932 0.055705792553055744
1 0.5533152235957635 0.4821656157882287 0.07187630642076392 0.06882404160312508
1 0.7146716041047219 0.42687543769222164 0.04193423328249999 0.057195557370694414