1 0.25625 0.24921875 0.03046875 0.05
1 0.30546875 0.25 0.03515625 0.04453125
1 0.26171875 0.278125 0.03359375 0.059375
1 0.90703125 0.40625 0.11640625 0.1
1 0.86640625 0.45546875 0.125 0.10703125
1 0.3046875 0.315625 0.03515625 0.059375
1 0.74765625 0.346875 0.08828125 0.08359375
1 0.50859375 0.30546875 0.06796875 0.07421875
1 0.60859375 0.32109375 0.078125 0.07578125
1 0.45546875 0.415625 0.08671875 0.08671875
1 0.62578125 0.27890625 0.06484375 0.06875
1 0.45546875 0.26953125 0.04765625 0.05546875
1 0.51953125 0.26171875 0.046875 0.05703125
1 0.72109375 0.6859375 0.165625 0.1703125
1 0.546875 0.2296875 0.03984375 0.0515625
1 0.384375 0.2234375 0.03671875 0.04296875
1 0.45234375 0.22890625 0.03828125 0.04609375