1 0.8800833364367113 0.39071228346691267 0.20720899420903188 0.23219278154634876
1 0.5829557793646168 0.34694683683713007 0.2031721575674325 0.17898589439121898
1 0.2550491031859344 0.3250630342598822 0.12740587014004517 0.12513719810012064
3 0.6423178550479612 0.5521123716628391 0.6989172286981539 0.7162158152404039
0 0.2359651552956302 0.4321385498637144 0.2525985769216895 0.30315373473485197
1 0.11679562427838357 0.45173731965141817 0.12464474317557443 0.13278592378986112
1 0.04512835153104994 0.4207938568519765 0.09025670306209987 0.12119332654882306
3 0.009529049628496477 0.3789848151288624 0.019058099256992953 0.16734463025772478
1 0.863174126345298 0.2997630568726611 0.19103603060296165 0.18614329715018094
1 0.6232939890417452 0.28797462856024414 0.19492300992479733 0.1692014586155702
1 0.8912670471472971 0.2346670013547371 0.10662248924663302 0.14742827792830412
3 0.3787285057909683 0.24226490162730824 0.3292680847795723 0.2759980924913396
3 0.6109460004142848 0.18316761985381688 0.3999829991714304 0.3217886273170487
1 0.20229013027423962 0.28079073383034087 0.09164815260503385 0.09364818068726617
3 0.2450812518620268 0.21959760628614955 0.23536822745980873 0.20093613749381403
1 0.13217668341739275 0.2896467554270669 0.08979455417661045 0.08731629353213632
3 0.08226238234115421 0.23028504353213633 0.16452476468230842 0.14494508706427264
2 0.775609852152477 0.4478896183834788 0.2756722038861602 0.2965695420617983
1 0.520213876759583 0.43293856851976437 0.2120035020669146 0.20127033016686777
2 0.34741423159814716 0.39333940072279705 0.1643279813887501 0.18162621551297517
1 0.21565480934840614 0.39739837969189795 0.13892556699689199 0.13821040818602892
3 0.09833899255640191 0.3562267458161285 0.19667798511280382 0.23432849163225705