1 0.915625 0.6953125 0.16875 0.203125
1 0.73828125 0.5453125 0.11484375 0.18515625
1 0.70390625 0.39921875 0.07421875 0.11875
0 0.6609375 0.253125 0.07421875 0.109375
1 0.76328125 0.28515625 0.05703125 0.09609375
1 0.1 0.228125 0.04765625 0.04453125
1 0.58046875 0.12109375 0.03203125 0.03125
3 0.05078125 0.24609375 0.09921875 0.11875
1 0.6078125 0.12421875 0.03828125 0.0390625
1 0.47109375 0.14296875 0.034375 0.040625
1 0.15234375 0.2390625 0.06171875 0.05703125
1 0.5203125 0.15859375 0.05234375 0.0484375
1 0.16171875 0.253125 0.065625 0.05703125
1 0.26796875 0.18125 0.05 0.04453125
3 0.265625 0.47109375 0.41328125 0.490625
1 0.3375 0.30703125 0.07890625 0.071875
1 0.33984375 0.2515625 0.075 0.05546875
1 0.44140625 0.1390625 0.03671875 0.0390625
1 0.36484375 0.14296875 0.03984375 0.0390625
1 0.33359375 0.13984375 0.0375 0.0390625
1 0.09296875 0.46953125 0.128125 0.11484375
1 0.421875 0.12890625 0.040625 0.0390625