1 0.159375 0.81875 0.14609375 0.25
1 0.66875 0.1765625 0.03125 0.0609375
1 0.73515625 0.203125 0.03125 0.05
1 0.22265625 0.4859375 0.08046875 0.109375
1 0.7046875 0.23671875 0.0375 0.05703125
1 0.3421875 0.30390625 0.04765625 0.06875
1 0.65859375 0.30078125 0.04140625 0.06484375
1 0.74375 0.32890625 0.05390625 0.07421875
1 0.8078125 0.29375 0.04765625 0.06484375
1 0.43203125 0.2890625 0.04375 0.071875
1 0.50078125 0.284375 0.03828125 0.06875
1 0.41953125 0.21484375 0.03046875 0.04453125
1 0.8390625 0.24921875 0.04296875 0.05546875
1 0.45859375 0.24140625 0.034375 0.05390625
2 0.765625 0.73046875 0.10859375 0.21484375
1 0.9421875 0.746875 0.115625 0.18671875
1 0.95625 0.49140625 0.0875 0.10546875
1 0.52734375 0.18359375 0.02734375 0.04453125