1 0.41171875 0.4984375 0.05234375 0.06640625
1 0.46015625 0.49140625 0.05625 0.06640625
1 0.35390625 0.5546875 0.05078125 0.07421875
1 0.4296875 0.6140625 0.06953125 0.09453125
3 0.41875 0.73671875 0.17734375 0.37578125
3 0.528125 0.5609375 0.11796875 0.22578125
1 0.79296875 0.96484375 0.134375 0.0703125
1 0.58359375 0.5046875 0.04609375 0.0703125
1 0.609375 0.47890625 0.040625 0.06328125
1 0.65859375 0.66484375 0.07265625 0.128125
1 0.54140625 0.48359375 0.06640625 0.06484375
1 0.6453125 0.453125 0.03828125 0.05546875
3 0.60546875 0.415625 0.07734375 0.0890625
1 0.67734375 0.41640625 0.03359375 0.05546875