1 0.05447335568078186 0.17206196063273707 0.09099770472226432 0.06564436525911974
1 0.33589152732375477 0.14806494764379827 0.09573974687674199 0.07510118587597074
1 0.5132125514260558 0.15506674431466186 0.09569429508134383 0.06728868587597074
1 0.16457051834676434 0.18414099512873605 0.1066045240041051 0.06279210064862309
1 0.17882846106697614 0.1507927069792891 0.07839771077238851 0.048238676947516976
1 0.24087394311299523 0.23000864853730268 0.11766019867214013 0.08329551542127547
2 0.5316443888582691 0.21008152678206593 0.1145897408266178 0.0926159683433748
1 0.7348375665513662 0.20190833684561013 0.11134656615858277 0.07224892126547414
3 0.9803818707078964 0.1663465324608135 0.038290861239926956 0.1365920649348082
2 0.9659148497288534 0.23563232061026046 0.06615224082661797 0.0917704886359143
1 0.9792051900879333 0.23430164569133835 0.03951701795398108 0.0788068384737585