1 0.04609375 0.74609375 0.08984375 0.1984375
1 0.33515625 0.4515625 0.08671875 0.15703125
1 0.4203125 0.53515625 0.07890625 0.1890625
1 0.22421875 0.3484375 0.0625 0.08125
1 0.64765625 0.21015625 0.03203125 0.06484375
1 0.75546875 0.18359375 0.03046875 0.03515625
1 0.71796875 0.2234375 0.040625 0.0484375
1 0.81171875 0.18671875 0.03359375 0.040625
1 0.80859375 0.26484375 0.03984375 0.05546875
1 0.67421875 0.34296875 0.05234375 0.0890625
1 0.7703125 0.3484375 0.06328125 0.08125
1 0.70234375 0.5 0.08359375 0.1390625
1 0.8671875 0.33515625 0.06171875 0.08125
1 0.965625 0.3359375 0.06875 0.08359375
1 0.97421875 0.53984375 0.05078125 0.1203125
1 0.96875 0.8625 0.0625 0.20625
2 0.47109375 0.16796875 0.0375 0.0796875