1 0.665894983290911 0.3202907014242231 0.10154541335136287 0.13397610534690846
1 0.04888020595959277 0.7287340746737724 0.09776041191918554 0.2668431493475447
1 0.8292313246340015 0.25030656011294933 0.07491018801718105 0.12741702267663585
1 0.0846915313096829 0.4392903140117722 0.1693830626193658 0.18170562802354445
1 0.8147410159532293 0.3540582687778131 0.14683973201781733 0.13294086401972632
1 0.8346984326066391 0.45195996678067657 0.17692722135581712 0.16766130935708984
1 0.4703739452975926 0.26879019406426974 0.1388817813494537 0.12034995735199913
3 0.5452659519812281 0.14464471674090568 0.27585561736154424 0.2109942333704528
1 0.4043916725811857 0.6344782813892247 0.2558340186982713 0.2357578760343621
1 0.6792269458943686 0.7861338774267684 0.25794195870463454 0.2826510573679073
1 0.7044045946451374 0.16681171276254106 0.09651246801399935 0.10423406134627214