1 0.6408239373463342 0.28622863717980757 0.13914389081820958 0.1382557508107789
1 0.039880021506733955 0.7037601996756885 0.07976004301346791 0.27372960064862306
1 0.8318192725401913 0.1743893360447171 0.07028257485477489 0.10114548863591426
1 0.13501273904174524 0.252123787338668 0.16512419396136271 0.12621940097293463
1 0.34170369478993223 0.17201572727512385 0.09513702564056317 0.09845686525911974
1 0.9726411716305684 0.21798755723076096 0.03812504631872784 0.11463524431795716
1 0.7857361770072521 0.2922859480574259 0.1402697431755744 0.1289080243497292
1 0.8447066085626179 0.36697625649941235 0.15854886228216217 0.152645533278183
1 0.33566771050569794 0.23457027435302452 0.1492080955329394 0.11969666558343128
1 0.4433539319696507 0.21863953693492624 0.14637419396136267 0.12589211850553061
1 0.4285614160489972 0.5530009001654511 0.2663656703877141 0.2216603603878557
1 0.8259993422276797 0.5507472845025896 0.20615591645877274 0.23622169236879245
1 0.6611621701828264 0.16800078855977932 0.1302397717116218 0.11468188311602719
1 0.6089490068244255 0.11583036242304123 0.08227315260503384 0.09042617694751698
1 0.6398715210924492 0.12231614164403441 0.11312504631872748 0.11594437418757346
1 0.34384385194758926 0.796470256496117 0.3344307737785363 0.3087160754848199
1 0.03896387675958293 0.8966471290588374 0.07792775351916587 0.17858074188232537
1 0.39256168011213305 0.9572071590939049 0.31577485731976357 0.07576720779006792
1 0.8161086894132488 0.09269900528159634 0.0824187018192454 0.093551176947517