1 0.48626747076554133 0.8281647332404456 0.1125992368379741 0.22960859514371953
1 0.48808038647515434 0.23194896278647445 0.03601191106992552 0.04787521034569897
2 0.33399813183546695 0.8705615187381115 0.1479563834799295 0.2587338054894186
1 0.4547867368379741 0.2395652344940868 0.04097222958157989 0.05582410266556703
2 0.41868554573098155 0.2338320600417651 0.04280754809323426 0.06368206677218975
1 0.41053822903342574 0.2687155254020291 0.044151793283910834 0.057477530878812466
1 0.38318455534962836 0.24528638558944346 0.03606647477225646 0.04943771034569897
1 0.18053081442012103 0.4540152132486929 0.07816469473518964 0.09280727711788864
3 0.7305952686891395 0.24837089931299 0.12694942431676956 0.14885870031656917
1 0.28222474527549457 0.3266380224990352 0.0505654843909034 0.062346887305303154
1 0.3450025090704927 0.2246639970304991 0.034394847367594836 0.04626724623907634