3 0.06022443806935868 0.323082014334456 0.12044887613871735 0.16121602570316257
1 0.10509915073348863 0.418151775208871 0.08759425843752049 0.09562551779449713
3 0.32936748603536586 0.5602914901513494 0.4834474832945951 0.4846614318621231
3 0.7565475118112636 0.8086215607978652 0.4298115626060223 0.3827568784042697
3 0.27745035508732513 0.32190281079786526 0.19075895317271013 0.1903252055509382
1 0.42662941035213553 0.41873534292681847 0.11146826805616747 0.10908052273741298
1 0.5742286074495778 0.49359737456148 0.14364585099579194 0.1369163626613009
1 0.7610986356725462 0.5864891645990985 0.1774404976377472 0.16637836958138302
3 0.8982464608076224 0.5349651097699134 0.1766617368379741 0.23343853558899424
1 0.663355594835706 0.47297580984646304 0.1416468413771451 0.12435269566510634
1 0.4945808021847675 0.3995980237631772 0.10678076805616747 0.10888952174882985
3 0.37239083285480656 0.31403591406762593 0.19500994355406326 0.17801620653952135
1 0.6792062178943805 0.9882599812541008 0.20325397477225665 0.023480037491798455
3 0.2273114235141614 0.6374986358930055 0.3851736744015876 0.48533791110187624
1 0.9201413081752172 0.4904802807204405 0.1325446598887993 0.13178319368794006
1 0.9300271957466799 0.6778675341804816 0.09046628729346118 0.1331891847906915