1 0.7645391979476391 0.19093283984952575 0.037173998100139015 0.05458934091247101
1 0.14028799961875035 0.4165588058177683 0.11261171561506958 0.14351918973360753
1 0.7097062275829169 0.18691118471632945 0.035611498100139014 0.054525673916276586
1 0.25635267676482687 0.5987253655898693 0.14913240349472243 0.23710736364988402
1 0.8210255872903127 0.19879707798652765 0.04338763050895835 0.053281508897248565
1 0.7970445330537503 0.27719133342373514 0.054797909194305564 0.07403967787060939
1 0.728149062689028 0.2737426812562883 0.059667247150208526 0.08204317885919252
1 0.8339827950215977 0.3523213260093613 0.0739843202884721 0.09355368182494202
1 0.5351452515186115 0.3472942222824901 0.07111389342673621 0.10436384783255317
2 0.8978991714464932 0.309835395667294 0.0647184230620141 0.09785917984777566
1 0.7512820106366671 0.4948855108000528 0.09520601006798621 0.1334438527754692
1 0.9498610617390975 0.2912963012947819 0.06424564437666688 0.07754667984777566
1 0.514339829406528 0.2261513927387256 0.04847517401194459 0.0706600098858317
1 0.44840570488149323 0.21554415657889003 0.04520470364722229 0.06428267589344294
1 0.4789647206490626 0.1845833166550022 0.04029899810013902 0.05471667490485976
1 0.43859364057694455 0.16355057505795917 0.03866376291777769 0.05152800790866543
1 0.81166299828757 0.8380651664275407 0.16461193312999994 0.231494033611828