0 0.4637601165784525 0.2154492940469252 0.22211371642535305 0.2458348465663966
1 0.19773055136914403 0.1420654137726856 0.09782468775644104 0.10436647642635144
2 0.26112720650234034 0.1936963802742396 0.11434102570316255 0.12696922249741
1 0.9772655651721275 0.434819800666463 0.009815351786885885 0.08779109842842345
1 0.4562129189361797 0.3623970686540311 0.13159219269935693 0.1293322431755744
2 0.2987346358558244 0.13190270161435783 0.09300985376405232 0.10102315260503385
1 0.31426018228205255 0.3058474698113229 0.10965352570316256 0.1267508986760925
1 0.9245981630046807 0.3686532992187209 0.12253552768032883 0.1367080955329393
1 0.9646435483662135 0.5149439483090982 0.03149403361182799 0.1605393937136938
1 0.8684808141835443 0.44456513586032004 0.11928319368794008 0.13343754631872748
3 0.7615888270351254 0.3887218583577301 0.460396260911596 0.4674702138109577
1 0.7912736684418882 0.3491306654298246 0.10920785672980174 0.11581339867609249
1 0.6646780404575481 0.5663438982663169 0.18869903855474385 0.19125435442427943
2 0.4579598082520452 0.49175708292205467 0.1470845415204934 0.2033519400324213
1 0.8350674307991778 0.2886083883415195 0.10908052273741298 0.11268839867609248
1 0.7777443621298282 0.22187896071509491 0.09112901878308044 0.09313787799792798
1 0.7017866985936749 0.21060116646328195 0.08318918479069168 0.08964900496239876
1 0.618747480648266 0.8515386896226456 0.23461371642535306 0.2464170434232436