1 0.7412923903229485 0.7636933437553548 0.3576575282669884 0.3309456314911742
1 0.762059670964786 0.5908325422132273 0.29303510628614954 0.25956946347211096
1 0.43471367820087525 0.4029736266265007 0.20324890999505119 0.18463191882984215
1 0.2534371019907364 0.2874964513005415 0.13541295680654794 0.14129893019392786
1 0.08890761250618598 0.22480335673770308 0.12399077792830412 0.10207278896022584
1 0.07335785560878103 0.19385336566615682 0.07974945499752562 0.09193412986961631
2 0.8083315626424715 0.46748081696999366 0.2773282191310198 0.2577342280826073
1 0.5928913483726918 0.37835763596199157 0.1839256999091429 0.17336713636243806
1 0.45294577905995786 0.293380438314898 0.16230300542706697 0.14801258035608367
1 0.33607586160167485 0.24468561404459904 0.13122342378986113 0.12093188311602718
1 0.2526392418593996 0.21335952191739255 0.10672139077317437 0.10021028003177213
1 0.19259917853955955 0.182405576705931 0.08583568068726607 0.08891822402541764
1 0.13428871155624628 0.16312947118604387 0.07794129353213633 0.08721935633066598
1 0.9319947919502567 0.37165802800976777 0.1030917797373263 0.1501011858759707
1 0.8932355071245477 0.4410216826361505 0.17504202283992143 0.18257849512873606
1 0.09896204319345207 0.13720789935137687 0.06815685775648758 0.07924321509696393
1 0.7301799864323326 0.350203588073312 0.18499687697836437 0.16401940990138844
1 0.6928680941888203 0.272801336855496 0.16510045680654795 0.14181712743398434
1 0.5187688528952475 0.25866847321793407 0.14092597241038013 0.1273455243497293
1 0.9651149084131715 0.2758546043086617 0.044712713703953 0.10849433847375849
1 0.6914937019453079 0.19477179424182217 0.12563516508343398 0.10366256249917619
1 0.4923026074178033 0.13814746753589122 0.09471935775648746 0.07970686525911974
1 0.7176368000908571 0.15763030438809192 0.11288950361804453 0.09875687418757347
1 0.32432389133900125 0.09658903328147828 0.07736808344622811 0.07628185633066598
1 0.5395427775896199 0.11546789813685616 0.09488313206674714 0.08283186525911974
1 0.25038842435568803 0.07758566315109458 0.06232293758467104 0.057286394480112926
2 0.29709632801916114 0.06506234375205956 0.0707905348257091 0.06992276217486462