1 0.37706263532435175 0.560016917527667 0.06412084980971952 0.08060801285158128
1 0.4322130503433798 0.5700895958925679 0.07406885277546901 0.09505251482874755
1 0.30718387543852 0.604122403193211 0.07244268577927473 0.09342634783255317
1 0.4014591629674996 0.8255119249420408 0.11762253460041112 0.16858285672980172
3 0.1866445182516077 0.8073362920147849 0.3732890365032154 0.3802975840295698
1 0.5701627420169725 0.8527322940291324 0.1286873685927999 0.17215352570316256
1 0.38891137790997793 0.5957143369953194 0.07818334980971961 0.08118101581733086
1 0.5329386091268976 0.6907933681356894 0.07626802273741298 0.11074118182494193
3 0.36986028897467327 0.6215446665390839 0.20667971741393626 0.2486470415204934
1 0.6170708700013126 0.6425733854358949 0.07320668973360753 0.11217634783255317
1 0.5007693907615592 0.5392335267289268 0.0761751808363588 0.0701798488211363
1 0.5971496422444339 0.5361177969948818 0.05391817885919252 0.05991351087441501
1 0.5280322277196975 0.5231283656642314 0.063038510874415 0.05404551285158128
1 0.6152603136892527 0.5141618839530201 0.051973676882026074 0.05047484387822045
1 0.7033505627006695 0.5224465692380033 0.04585101087441501 0.05334517589344294
1 0.3272072153624078 0.5736364071475437 0.09855951680591399 0.08357118676785795