1 0.52109375 0.33984375 0.07265625 0.090625
1 0.06953125 0.55 0.13671875 0.19609375
1 0.7171875 0.33984375 0.059375 0.08359375
1 0.0484375 0.896875 0.09453125 0.20546875
1 0.62421875 0.34140625 0.05390625 0.08125
3 0.28359375 0.61484375 0.23984375 0.51328125
1 0.78515625 0.51640625 0.10390625 0.15703125
2 0.88828125 0.46484375 0.078125 0.14609375
1 0.653125 0.4953125 0.08125 0.13359375
1 0.2546875 0.38515625 0.065625 0.10703125
1 0.23984375 0.334375 0.0625 0.08515625
1 0.925 0.8546875 0.15 0.2203125
1 0.40625 0.31015625 0.05234375 0.0796875