1 0.63125 0.203125 0.03359375 0.05703125
1 0.72421875 0.178125 0.03125 0.04296875
1 0.37578125 0.6046875 0.08984375 0.15
0 0.14921875 0.73671875 0.18984375 0.4296875
1 0.03984375 0.7109375 0.078125 0.2203125
1 0.11640625 0.45703125 0.0875 0.109375
1 0.275 0.396875 0.06953125 0.0984375
1 0.28671875 0.284375 0.046875 0.059375
1 0.66796875 0.39296875 0.05625 0.08359375
1 0.7921875 0.44453125 0.07265625 0.0984375
1 0.8625 0.3546875 0.05625 0.08515625
1 0.71640625 0.61484375 0.08671875 0.140625
1 0.46640625 0.203125 0.03203125 0.05
1 0.95 0.86015625 0.1 0.23515625