1 0.4368044489237615 0.20561121320827547 0.07133565260503402 0.08945338544042354
1 0.5035788800648426 0.280979372751 0.09782968610347993 0.1552147408266178
1 0.5854155008240604 0.6462003726528041 0.18817220388616018 0.28383062021691713
1 0.6233284538861602 0.2863622852205907 0.08907111621110371 0.13485678903121973
1 0.5298074321745385 0.17334867993259234 0.06686647642635143 0.0941136143631847
1 0.7201327175350112 0.03386906517662415 0.04964043507002245 0.05964771077238854
1 0.6898844454091048 0.07196396281549199 0.058035131926869356 0.07219316256778663
1 0.6118750694780914 0.17460717378427226 0.06864730024766903 0.09881020472226432
2 0.5335809414801634 0.08667538172799041 0.0658133986760923 0.10504202400410509
2 0.7506935128202816 0.05279178199913689 0.06664815260503384 0.0894261143631847
1 0.40680657981717355 0.18200554156530252 0.09455482878371627 0.08490224082661779
1 0.7824208558720216 0.13029915846257 0.07609592721213972 0.09104315651766241
1 0.7844799696019258 0.22481677292395058 0.10255141935425698 0.12243860226293632
1 0.9437821949948202 0.2241814895500716 0.08572779238978612 0.1301511083130605
3 0.43728813833701025 0.0986117794650541 0.16156685442427943 0.18214085518980255