1 0.55390625 0.4609375 0.10078125 0.15
1 0.62578125 0.36796875 0.07421875 0.1109375
1 0.7203125 0.30078125 0.06796875 0.0890625
1 0.76953125 0.26328125 0.05078125 0.059375
1 0.8109375 0.2390625 0.04765625 0.05703125
1 0.47734375 0.4296875 0.09609375 0.11875
1 0.55390625 0.36484375 0.08046875 0.08515625
1 0.625 0.29921875 0.06640625 0.08359375
1 0.6859375 0.26953125 0.05703125 0.06484375
1 0.74140625 0.24375 0.05390625 0.0515625
1 0.35078125 0.4515625 0.11171875 0.1109375
3 0.4828125 0.31796875 0.19765625 0.20546875
1 0.6265625 0.26328125 0.05859375 0.06484375
1 0.38984375 0.34140625 0.075 0.07421875
1 0.53984375 0.2765625 0.06875 0.06875
1 0.57734375 0.23671875 0.05390625 0.0515625
1 0.61640625 0.221875 0.04921875 0.04609375
1 0.16484375 0.4296875 0.12578125 0.08515625
1 0.2453125 0.37421875 0.10078125 0.0796875
1 0.35703125 0.321875 0.07109375 0.0703125
1 0.44921875 0.28203125 0.065625 0.06484375
2 0.50625 0.246875 0.06875 0.06640625
1 0.56640625 0.2140625 0.05703125 0.0515625
1 0.36796875 0.28125 0.08046875 0.06484375
1 0.35234375 0.69140625 0.20390625 0.14609375
1 0.67109375 0.82578125 0.21875 0.178125
2 0.8921875 0.69375 0.215625 0.1703125
1 0.28828125 0.84140625 0.240625 0.18515625
1 0.7640625 0.21328125 0.06484375 0.0484375