1 0.5640625 0.978125 0.090625 0.04375
1 0.55390625 0.73359375 0.08359375 0.16328125
1 0.409375 0.778125 0.090625 0.1796875
1 0.44375 0.59921875 0.08125 0.15703125
1 0.25859375 0.834375 0.115625 0.20703125
1 0.3125 0.65078125 0.08515625 0.140625
1 0.1671875 0.73046875 0.11015625 0.1609375
1 0.35625 0.52421875 0.06328125 0.1015625
1 0.25078125 0.56015625 0.07109375 0.109375
1 0.38828125 0.4484375 0.05078125 0.0796875
1 0.30390625 0.46015625 0.05546875 0.08515625
1 0.3953125 0.3859375 0.04375 0.06328125
1 0.33359375 0.38203125 0.040625 0.06484375
1 0.35546875 0.34921875 0.03828125 0.05703125
1 0.3734375 0.31953125 0.03125 0.05390625
3 0.41640625 0.3 0.06171875 0.13359375
3 0.0265625 0.73515625 0.05078125 0.27578125
3 0.13671875 0.5015625 0.18515625 0.26328125
3 0.271875 0.3296875 0.09140625 0.14453125
3 0.34609375 0.2546875 0.08203125 0.11875
3 0.4265625 0.24453125 0.04140625 0.07421875
1 0.95078125 0.31953125 0.06796875 0.0484375
0 0.43515625 0.228125 0.05859375 0.071875
1 0.74140625 0.3703125 0.06328125 0.06640625
1 0.92578125 0.525 0.10390625 0.09453125