2 0.5478966236347628 0.0738168904818696 0.05039997579950324 0.07049603847458738
1 0.5984142532214538 0.11735607015611679 0.04881929508134384 0.06731647477225655
1 0.6366449853656688 0.2589607275978454 0.09450449980360816 0.1329613221398514
1 0.9275416543763632 0.47063231526197535 0.14037151170746504 0.22985616950744614
1 0.323348537184508 0.6752876543616857 0.18266809601642037 0.25007938947037933
1 0.23580360626995703 0.551808003543379 0.15573289129415607 0.1850893065307547
1 0.3587558138208918 0.3623957847615723 0.09291472872636941 0.12821925843752044
1 0.2941575035160414 0.32247267840830285 0.08497496369925477 0.10607143992586625
1 0.375989286497137 0.21963536588709828 0.06611587939029935 0.08666667549789597
1 0.46275296741168787 0.3431422985565704 0.09296018052176755 0.13603175843752044
2 0.32065689188333124 0.1981348773198437 0.07411927693097127 0.11975199400955025
1 0.3912239219375605 0.1519295107149552 0.04724770472226432 0.06569941106992569
1 0.4391028857350111 0.11198406779386408 0.04252384328594587 0.05928571996293312
1 0.39540288270994906 0.10491810145912805 0.03779089149054773 0.051309528855940555