1 0.574444140861285 0.40854940015697017 0.094733231382639 0.11420634215265543
1 0.14971689779513922 0.39799484396167767 0.14815047853284735 0.19659611827193713
1 0.8479011310776393 0.490766515149547 0.07703658510611114 0.09143058344622812
1 0.7900899374984032 0.5548423032546165 0.10937761284152785 0.13994332654882308
1 0.19430531202343795 0.5368836035726161 0.17213349240055575 0.22126192559888339
1 0.668069467133681 0.5422051051544958 0.10301851006798621 0.13492827792830403
3 0.4046407871378128 0.42149870024782726 0.21417813487736143 0.3514341044771271
1 0.23263654093753497 0.30636394391624916 0.10628898043270843 0.14134205223856364
1 0.8363350367565632 0.8630991624256712 0.2234063580918754 0.2738016751486576
2 0.9420564002636812 0.7812896958368132 0.11090505167111146 0.20556832654882307
1 0.6665492136182992 0.8456609758012821 0.1899392414506252 0.24872518430531088
1 0.3522405261198961 0.3157533112836751 0.08059799620027785 0.11034435775648763
1 0.3280393067051044 0.28171250395672887 0.07554682028847229 0.09447369629109836