0 0.4597755425090765 0.19368044724335173 0.20065521049385407 0.2111671452908918
1 0.21362344269935693 0.1197964825501296 0.09275518577927473 0.09217959172016936
2 0.27325045209089704 0.16331861160896705 0.10445668973360736 0.11112050649282175
1 0.4530864852084334 0.3173224987854793 0.11740235870696818 0.12227619480442442
2 0.29468244171077373 0.11369075852471193 0.0863141847906915 0.08738299756436803
1 0.33748138984733816 0.26226858035937894 0.09839769072219058 0.11569891233702041
1 0.9538611235357157 0.4373921221655691 0.09227775292856855 0.14719437418757356
1 0.9404817144481867 0.5228074707855974 0.11903657110362645 0.17427507142762977
3 0.7261074911399324 0.34070190300812014 0.4041515780980706 0.3771036111986346
1 0.8015677475657231 0.369875159907979 0.11121602570316255 0.12372960064862308
1 0.6396500207974277 0.4829360418061902 0.16248936562705046 0.15585235389503396
2 0.4646235044858053 0.4085923810907276 0.12875103558899426 0.17087733603812652
1 0.8899935776037792 0.3526955681878096 0.11389535672980174 0.11284664772652384
1 0.8249323103035735 0.271741622976348 0.09256418479069169 0.08749209172016936
1 0.7452620563492409 0.25436893669334026 0.07681185079830274 0.08409435633066593
1 0.601882059846463 0.6688832244357501 0.18483920950527094 0.20620690990138826
1 0.8953123607584967 0.9053393271162633 0.16586903361182764 0.16215690097293453
1 0.7608578814443812 0.2150064277648865 0.07518568380210837 0.08250458279171564
1 0.6840579595052709 0.19132919440397797 0.060741181824942106 0.07288412094116259