1 0.68203125 0.23046875 0.053125 0.08359375
1 0.66171875 0.1765625 0.03515625 0.059375
1 0.63515625 0.13046875 0.03515625 0.05390625
2 0.75390625 0.34609375 0.08828125 0.1484375
1 0.14296875 0.921875 0.196875 0.15546875
1 0.3859375 0.40390625 0.078125 0.1484375
1 0.3 0.35703125 0.065625 0.1109375
1 0.39453125 0.3140625 0.06328125 0.0890625
1 0.44921875 0.203125 0.03984375 0.071875
1 0.42109375 0.16875 0.03359375 0.06484375
1 0.475 0.15 0.034375 0.04609375
1 0.52421875 0.15078125 0.034375 0.05546875