1 0.437436472245309 0.9052876344914198 0.22199169961943924 0.163779790921658
1 0.49440664422160036 0.483583760081983 0.1241272025851888 0.17440477767481416
1 0.36642888285289377 0.5418823881196169 0.12699753460041113 0.16826390507947586
1 0.7119337479484715 0.7740003958393472 0.21850323817418307 0.3462103450053421
1 0.5011871793163031 0.317177510081983 0.0808918557412186 0.10892362141421197
1 0.6018901748676788 0.3347246194304774 0.08940469269935694 0.12638393992586625
1 0.5057566155898693 0.22418147823081758 0.07068918479069168 0.08828373920022684
1 0.8278544500765497 0.20747260555066127 0.09339185574121878 0.10936013103285883
1 0.518300377947159 0.16523306416566702 0.052674013840164416 0.0673710384745874
1 0.5774525434604787 0.1686283934770945 0.05305601581733086 0.07674603847458736
1 0.514918051369144 0.13336550527265958 0.04109984387822045 0.051364092558271415
3 0.4080022065023403 0.1917087733288269 0.17495487353571573 0.19646331614940155