1 0.01953125 0.24921875 0.03671875 0.05390625
1 0.0671875 0.25703125 0.07890625 0.0515625
1 0.32265625 0.2234375 0.08359375 0.0609375
1 0.48203125 0.22578125 0.08515625 0.05546875
1 0.16640625 0.26015625 0.09375 0.05390625
1 0.15546875 0.23515625 0.08125 0.04609375
1 0.13984375 0.309375 0.10390625 0.06484375
2 0.41484375 0.27421875 0.1 0.07421875
1 0.6 0.25546875 0.09296875 0.0609375
3 0.91875 0.2140625 0.1625 0.11640625
2 0.81953125 0.27578125 0.09453125 0.08515625
1 0.85390625 0.26640625 0.05703125 0.06328125