0 0.6707564772193273 0.17930140264742034 0.09019346878180681 0.12637879353213638
1 0.9699504345683886 0.6207740931727674 0.060099130863222786 0.22448874491161738
1 0.4505307680561673 0.08126777363289096 0.03913691106992552 0.048840291723114035
1 0.40710815027015246 0.09293561397652403 0.04059028366526398 0.04579717887824379
1 0.4265749128840242 0.06765233095983725 0.03584821996293304 0.04398901741285455
1 0.47010665807470076 0.059109490616204186 0.03590278366526398 0.04555151741285455
1 0.44712302586071573 0.050921854365585585 0.035739092558271325 0.040864017412854545
2 0.3756671773119945 0.08910460707911906 0.04253472958157998 0.05681656603337355
1 0.6195610210513923 0.03562332372374801 0.03886409255827132 0.041027791723114035
1 0.5698884032653775 0.047618712687900064 0.04366071996293321 0.04439845318850331
2 0.5741964465492881 0.10374588195520544 0.05083830290255768 0.07128850180902231
1 0.5056274958236487 0.09012047320334965 0.0567063569862416 0.06067855042954131
1 0.09088792794496667 0.22690998077812313 0.08230655771188108 0.07917624491161739
2 0.5186731328469574 0.10509037596231163 0.0681349303072194 0.07531426051544958
1 0.21200647059590527 0.15403464552287277 0.06764385698624169 0.06125176051544958
3 0.12953871097725844 0.1458337211671847 0.18379962504240904 0.17183513568479172
1 0.397254489833199 0.169371961217562 0.06629961179556512 0.06741987336031982
1 0.38674606496827524 0.22705830845860006 0.07772818511654282 0.08205558344622813
1 0.3109598365678216 0.09640917401700375 0.053090283665263985 0.04645227611928182
3 0.26129966478294075 0.444956216644629 0.4469296299365505 0.5162689676606818
1 0.22914438529402803 0.28619204828183475 0.09971231252120454 0.08632700361804461
2 0.3680357265863551 0.07228559927720293 0.04705853847458741 0.0523747274987628
1 0.2506672104291042 0.34219970884271284 0.1083432680561673 0.1101739393936934
1 0.3946974303072194 0.05132132406243228 0.040481156260602266 0.042672178878243795