1 0.75625 0.59921875 0.13671875 0.18671875
0 0.6625 0.26328125 0.07265625 0.10703125
1 0.71015625 0.43203125 0.071875 0.13671875
1 0.47109375 0.153125 0.03125 0.0390625
1 0.42890625 0.16015625 0.034375 0.0390625
1 0.45078125 0.13984375 0.02890625 0.03515625
1 0.49140625 0.13515625 0.02890625 0.03671875
1 0.60546875 0.13046875 0.03515625 0.03671875
1 0.47109375 0.12578125 0.028125 0.03359375
1 0.56640625 0.15078125 0.03984375 0.0390625
1 0.5921875 0.20625 0.05625 0.06328125
1 0.56953125 0.16484375 0.05078125 0.05
2 0.1375 0.26484375 0.06171875 0.06875
1 0.4859375 0.18203125 0.04921875 0.04609375
1 0.4875 0.21640625 0.06171875 0.0609375
1 0.22109375 0.2140625 0.06171875 0.05
1 0.4328125 0.3390625 0.08125 0.08359375
1 0.30859375 0.15390625 0.03828125 0.0390625
1 0.32109375 0.284375 0.07421875 0.0609375
1 0.28515625 0.35 0.09453125 0.08515625
2 0.3515625 0.14921875 0.04296875 0.04609375
2 0.42265625 0.13828125 0.034375 0.04296875
1 0.040625 0.53515625 0.07890625 0.09296875