1 0.63046875 0.121875 0.03203125 0.06484375
1 0.73203125 0.19140625 0.04296875 0.071875
1 0.78203125 0.4234375 0.10078125 0.13359375
2 0.66171875 0.4890625 0.10703125 0.21484375
1 0.90859375 0.71796875 0.15078125 0.271875
1 0.32734375 0.4953125 0.10078125 0.15390625
2 0.20234375 0.46171875 0.128125 0.25390625
1 0.41171875 0.334375 0.06328125 0.11328125
1 0.51328125 0.29921875 0.05390625 0.0984375
1 0.42578125 0.234375 0.04921875 0.07578125
1 0.51171875 0.16640625 0.03671875 0.0609375
1 0.46953125 0.14296875 0.03125 0.0515625
2 0.51953125 0.125 0.03203125 0.059375
1 0.4390625 0.1203125 0.02890625 0.05390625
1 0.45625 0.09296875 0.02890625 0.04296875