1 0.36796875 0.46015625 0.11328125 0.12421875
3 0.54453125 0.21171875 0.134375 0.13515625
1 0.4828125 0.45390625 0.10234375 0.121875
1 0.47578125 0.3734375 0.08671875 0.0890625
1 0.58828125 0.36640625 0.078125 0.08515625
1 0.43046875 0.29375 0.06875 0.06328125
1 0.3515625 0.3390625 0.0875 0.07578125
1 0.55234375 0.3140625 0.08046875 0.07578125
1 0.63125 0.225 0.04453125 0.05546875
1 0.2375 0.39609375 0.11015625 0.090625
1 0.10390625 0.45390625 0.13203125 0.0984375
1 0.52265625 0.52890625 0.11484375 0.128125
1 0.62578125 0.2640625 0.06171875 0.06484375
2 0.58046875 0.24375 0.06328125 0.0703125
1 0.61328125 0.4203125 0.09609375 0.11875
3 0.9125 0.90703125 0.175 0.18515625
1 0.67734375 0.34453125 0.06796875 0.08125
2 0.521875 0.28046875 0.06015625 0.071875
1 0.65234375 0.3 0.0625 0.06328125
1 0.95859375 0.78046875 0.08203125 0.11640625
1 0.75078125 0.290625 0.05546875 0.0609375
1 0.925 0.6484375 0.15 0.14609375
1 0.67265625 0.8140625 0.23359375 0.1796875
3 0.28046875 0.9046875 0.55859375 0.190625
2 0.67734375 0.6390625 0.16171875 0.17421875
2 0.73828125 0.2296875 0.08828125 0.0984375
1 0.26171875 0.77109375 0.21796875 0.128125
1 0.146875 0.71328125 0.22578125 0.14609375