1 0.8809551400082636 0.1882843515449398 0.05654224715020817 0.08127874373179385
1 0.9147651359242012 0.2786449270926181 0.06319229065319476 0.09864810015828454
1 0.03218967847725673 0.6098236293877444 0.06437935695451345 0.17722774122451135
2 0.06387804920256931 0.3910137934152247 0.12775609840513863 0.22109741316955062
1 0.23665701329902747 0.36473713526023904 0.134123039703264 0.1272564849563052
0 0.7306271784772568 0.24028242372740585 0.10225609707395833 0.16692673871722893
1 0.36507295402847195 0.3485090785171792 0.1025820989738195 0.11384720282385156
1 0.8740816652751384 0.4835968515449398 0.09887652393569439 0.1558983105039836
1 0.48455291869361095 0.1795197346271008 0.06562630642076392 0.06905152837152992
1 0.538459168693611 0.17795122294861832 0.06253767401194459 0.07052310015828459
1 0.39058852631371443 0.9294037258516121 0.2027275693385418 0.12300690564770314