2 0.6191954275949013 0.09456628622258173 0.0362920240041051 0.06198317445232167
1 0.6585397287263695 0.14414038888814876 0.034729524004105096 0.06193771034569897
1 0.6561328670936593 0.2674869606749034 0.06468064441741408 0.10811402837152997
1 0.8722856288011241 0.498738275335522 0.11974993949875809 0.17533027210332364
1 0.20213779702625154 0.7760637094877691 0.17665444535249045 0.2894669799417402
1 0.1338594539366974 0.5866087529029939 0.1573862948849522 0.19985891066226813
1 0.3482390747427898 0.3788202996169239 0.07888859016268786 0.13352320533113407
1 0.28770102966144584 0.31144493151195063 0.0756363251355733 0.11155727711788872
1 0.40589651775758917 0.2195877036152744 0.0535886083130606 0.08123327962517113
1 0.461184502337691 0.4586562152937569 0.08845448770335977 0.1666084899708702
2 0.35022323467829775 0.18281747783016922 0.060120409444528636 0.12985263605166192
1 0.4437687015990063 0.1503890742275301 0.03788179508134384 0.06671613855894436
1 0.5037522347764936 0.12245194233250331 0.034720433645025396 0.06037521034569897
1 0.4575494004675383 0.10236075118713424 0.03153180113146803 0.04934678213245362