1 0.16250544419314977 0.9292794343702763 0.1647715480082102 0.131430552475544
0 0.6375701184684013 0.622017340083706 0.38176010187015275 0.3783642785862593
1 0.5029881237329586 0.12846330311082868 0.10522383118569749 0.09828485253201387
1 0.6201983496306577 0.11773165848543998 0.12880677693097126 0.1246499314570916
2 0.7889210785534188 0.1125905902248803 0.18867265632127078 0.21248313140062192
1 0.9155199399897374 0.09896916402946052 0.03950792759490156 0.07883763154179624
1 0.9308722292173488 0.144934111412742 0.030078385440423717 0.06891659997176514
1 0.6314690676315207 0.8652591058687215 0.3183237948849523 0.21378656811938548
1 0.3950483587058439 0.15661766616618628 0.08642837939029935 0.08938028939195171
1 0.9166485644100669 0.7104148982444449 0.159430583916172 0.2873165314288567
1 0.9293980284039094 0.8010476035202343 0.13196813836729007 0.13108194198043535