1 0.25390625 0.22421875 0.06328125 0.071875
1 0.16875 0.1953125 0.06015625 0.071875
3 0.34921875 0.1515625 0.228125 0.1515625
1 0.34609375 0.2296875 0.071875 0.071875
2 0.28828125 0.2484375 0.0625 0.0890625
1 0.34921875 0.31171875 0.08203125 0.09296875
1 0.51484375 0.35390625 0.09765625 0.1
1 0.88515625 0.31015625 0.1 0.10390625
1 0.80234375 0.33203125 0.09375 0.1
3 0.64140625 0.26796875 0.21015625 0.228125
1 0.42109375 0.38828125 0.09375 0.109375
1 0.65390625 0.4859375 0.12265625 0.13359375
1 0.80234375 0.25859375 0.071875 0.08359375
1 0.6875 0.22109375 0.06015625 0.07421875
1 0.74609375 0.21796875 0.06171875 0.07578125
1 0.5625 0.53984375 0.12109375 0.140625
1 0.8140625 0.646875 0.15703125 0.16640625
1 0.72578125 0.86640625 0.16796875 0.22578125