1 0.3029922874277009 0.5055387386219111 0.14141729534115868 0.13593859468490824
3 0.4761176854369644 0.2115149239338212 0.16912621551297527 0.15812267735518085
1 0.4577517085040285 0.45767230860123026 0.1222578595655099 0.12790791868236298
1 0.41468778324382943 0.4003961579408209 0.1138721494796016 0.11687951201463562
1 0.5812854630265842 0.3352149585853219 0.09216756784239592 0.09008065467854491
1 0.3562002538451872 0.3245609112826387 0.08534435775648763 0.0790704293443631
1 0.2775529534156459 0.3801302059595928 0.1078744549975256 0.09182496801399935
1 0.4964158180695385 0.33073709126354867 0.10038950361804452 0.09798406134627217
1 0.5719248303940103 0.21586552192077635 0.0592798247398008 0.058467028007635945
1 0.1592323213488988 0.46270744330841024 0.1320489393936934 0.10616018801718105
1 0.048862466644628955 0.5485005873249549 0.09772493328925791 0.11862382535009015
1 0.4847059548859839 0.5541745912635487 0.1461800384437538 0.16722495735199913
1 0.570662223542034 0.2697535905872309 0.0832905348257091 0.06967724801081765
1 0.9336226532132471 0.8526718945337788 0.050703764133493937 0.16299089600572714
2 0.44258481117213344 0.300132528604412 0.10227955223856355 0.10425224267981754
1 0.6539826566041492 0.33358827657545875 0.09306832654882306 0.10726815467854492
1 0.6734840926069406 0.7510752212365045 0.25546650723608905 0.19660446936663475
3 0.33825475802905874 0.9283126199475025 0.6765095160581175 0.1421747920909958
1 0.7324495725920943 0.20697068523236828 0.06116987336031983 0.06473520934118149
2 0.08939345488598396 0.5587744686505461 0.14667800542706694 0.14693063868554468
1 0.0984928951841885 0.9295864079805918 0.196985790368377 0.13980902936027134
1 0.8270118000908571 0.16058548655318705 0.06849105042954129 0.05545111600890866
2 0.5315312087311712 0.8823354065881854 0.33350297602842466 0.22562035471036168