1 0.9568815196625483 0.3104750661592147 0.06622805674305994 0.12921594155801355
1 0.7410639545397112 0.21351211161226233 0.1297449874635877 0.11158415665497756
2 0.6194306469387215 0.180496834419864 0.11389266693047428 0.10349892126547414
1 0.5013853405913731 0.15835087338008985 0.08196070533113406 0.07951595048646735
1 0.42304739192415663 0.140196937097082 0.06615384890464338 0.07299321509696392
1 0.4885299879258061 0.1976179249222174 0.08214256175762476 0.08576595048646732
2 0.8300268853267461 0.6984308080415399 0.30921249326957534 0.37552174593951476
1 0.5764569191085523 0.5302883287378212 0.18688754922121245 0.1969137305182395
3 0.3616803314201731 0.23653219480771978 0.21780258010002482 0.23961942775829587
1 0.9543378782006101 0.4784029058507892 0.06813754922121262 0.19484094155801354
1 0.6407443911327337 0.44092977394928273 0.1939271594086268 0.17048759821299111
1 0.4050940476383668 0.4083429651002593 0.13387019780928658 0.14601370373287814
2 0.8466019345479585 0.5044898932688875 0.20985368778015676 0.23479556006354407
1 0.9652884354058884 0.6656165336918106 0.034779479941740375 0.1755181972400564
1 0.7837646169178389 0.382992768674277 0.18074519780928675 0.14683190990138845
1 0.6228020363555957 0.3061553534945875 0.14564277210332363 0.121231892044481
1 0.25038747875460604 0.27751747930371873 0.07974498746358769 0.1107114034085667
1 0.32193821832976477 0.34107937297305274 0.09059155925034226 0.10777731818121908
1 0.49714045830063486 0.25056564691904015 0.09729620031656908 0.12351141233702041
1 0.2585469712327587 0.2117833851479174 0.05820495658477522 0.06816934740221221
1 0.20998745077878755 0.18998625162485308 0.04873902837152997 0.0648807061685102
1 0.19977972499368235 0.24560500608907992 0.05383570533113406 0.07902502678536116