1 0.5262003352170592 0.4578125 0.1179018065307547 0.1546875
1 0.5992782258685649 0.35625 0.0885218413771451 0.11875
1 0.6964558154316114 0.28046875 0.07509425843752045 0.0921875
1 0.7486284398410482 0.240625 0.06010417549789597 0.065625
1 0.7903992775899962 0.2078125 0.05508929328391084 0.05625
1 0.44358873185901465 0.4296875 0.109216287293461 0.1296875
1 0.5264855666127378 0.36015625 0.08937501324684405 0.0984375
1 0.597800060622288 0.28671875 0.07800100362819702 0.0859375
1 0.6592112757758976 0.25078125 0.060267866604888455 0.0703125
1 0.7211036405666876 0.2234375 0.05988592068857255 0.059375
1 0.3127826759612321 0.46171875 0.13405259618646853 0.125
3 0.44851682323615966 0.3109375 0.2263889183263199 0.21875
1 0.5998908394782285 0.24921875 0.0665724303072194 0.071875
1 0.42987595064082135 0.3078125 0.07411211179556502 0.0640625
1 0.49443944764559655 0.27109375 0.07879961179556502 0.0640625
1 0.5468303268643567 0.225 0.06758929328391083 0.05625
1 0.5881919368458233 0.20390625 0.05659722958158007 0.0546875
1 0.3371601717848809 0.3453125 0.09636905771188112 0.075
1 0.20247514773826375 0.3765625 0.1152827488188736 0.0796875
1 0.3209002547245054 0.31875 0.08392362141421197 0.0765625
1 0.40666662913394225 0.27890625 0.07422123920022675 0.0671875
2 0.4722569127992061 0.23515625 0.06640873920022691 0.0671875
1 0.5422618779528159 0.19921875 0.0567063569862416 0.0578125
1 0.4803521549946579 0.2046875 0.06128472958157989 0.0546875
1 0.854317867616379 0.659375 0.21628474282842375 0.153125
1 0.9409845099971651 0.83984375 0.06564982576804823 0.1796875
1 0.6673337998225147 0.21953125 0.06808036660488845 0.0703125
1 0.5391715280533323 0.73515625 0.22760418874473984 0.1640625
1 0.05629709610165046 0.45703125 0.11259419220330091 0.1140625
1 0.23168143186686385 0.86015625 0.283382962791357 0.1953125
2 0.20379951244423572 0.67421875 0.24544645317271013 0.1828125
1 0.1867930948357061 0.4453125 0.1283283858421822 0.0953125
1 0.775002456083117 0.17890625 0.06468254809323426 0.0625