1 0.4859375 0.36953125 0.07578125 0.15
1 0.521875 0.63515625 0.11640625 0.26484375
1 0.95859375 0.278125 0.08203125 0.13359375
1 0.61328125 0.11015625 0.04375 0.059375
1 0.49140625 0.91171875 0.153125 0.17578125
1 0.67421875 0.084375 0.05 0.06484375
1 0.11171875 0.290625 0.08046875 0.1109375
1 0.63359375 0.19296875 0.06171875 0.090625
1 0.0984375 0.48359375 0.1375 0.19453125
1 0.71640625 0.16640625 0.06796875 0.08671875
1 0.6109375 0.3359375 0.08515625 0.1390625
1 0.13671875 0.18984375 0.05390625 0.07578125
1 0.734375 0.33046875 0.10859375 0.18125
1 0.309375 0.23828125 0.06328125 0.10546875
1 0.2421875 0.18359375 0.05078125 0.08125
1 0.46171875 0.08125 0.05234375 0.07578125
1 0.215625 0.11875 0.04765625 0.0609375
1 0.31640625 0.1484375 0.046875 0.071875
1 0.37734375 0.1203125 0.04296875 0.06640625
1 0.18828125 0.09375 0.04296875 0.0515625
1 0.74609375 0.8640625 0.22578125 0.271875
1 0.928125 0.86484375 0.14375 0.2703125