1 0.9804652013005416 0.2974151192256005 0.031487553570722325 0.1039888180258309
2 0.016016917615321456 0.5654347833860949 0.03203383523064291 0.14649456677218975
1 0.8241100612846555 0.34367269061664374 0.12564665665497757 0.13015416442319178
1 0.29047935511614525 0.37504443025830947 0.09393300649282174 0.10268238229073816
1 0.8756435133959759 0.4811787022951261 0.14650462743398443 0.16199519780928676
1 0.3742697483784422 0.2766500458560002 0.08900004464226878 0.08848348997087019
1 0.4753241392084025 0.5773978551063425 0.18408644805083546 0.16777383636823107
1 0.726789407472347 0.7246295224325282 0.22155126623205454 0.25631951082055265
2 0.35075301299223416 0.7730931368430847 0.2917467637964224 0.3411324315119508
1 0.6787953814944694 0.16044735048748898 0.0652352621748646 0.06905152837152992
1 0.5926418729730527 0.34944400283648686 0.08096935633066593 0.07575616943775679