1 0.975 0.31875 0.05 0.05390625
1 0.5578125 0.92109375 0.10625 0.15703125
1 0.3953125 0.9359375 0.11953125 0.128125
1 0.2125 0.928125 0.125 0.14375
1 0.05390625 0.9421875 0.1078125 0.115625
1 0.55234375 0.74375 0.08125 0.15546875
1 0.41796875 0.746875 0.084375 0.15546875
1 0.28359375 0.771875 0.10234375 0.16640625
1 0.13203125 0.79921875 0.11171875 0.16328125
1 0.05703125 0.721875 0.1125 0.14453125
1 0.44921875 0.59140625 0.075 0.140625
1 0.32890625 0.64609375 0.075 0.12578125
1 0.19609375 0.65625 0.08984375 0.16328125
1 0.35703125 0.56328125 0.06328125 0.1015625
1 0.26484375 0.565625 0.06640625 0.10390625
1 0.37109375 0.5 0.05546875 0.090625
1 0.30078125 0.4859375 0.05625 0.08359375
1 0.3984375 0.44453125 0.04765625 0.06640625
1 0.32265625 0.43984375 0.04375 0.06484375
1 0.3953125 0.39921875 0.03984375 0.059375
1 0.33359375 0.396875 0.03984375 0.06328125
1 0.35546875 0.36953125 0.03984375 0.059375
1 0.37265625 0.33984375 0.03203125 0.05546875
3 0.41640625 0.325 0.06015625 0.128125
3 0.13984375 0.52109375 0.22421875 0.3
3 0.24296875 0.390625 0.103125 0.1703125
3 0.29296875 0.3265625 0.07734375 0.128125
3 0.34765625 0.27421875 0.08359375 0.121875
3 0.4265625 0.278125 0.046875 0.1
0 0.93515625 0.27578125 0.07265625 0.0609375
1 0.91015625 0.34921875 0.0375 0.06328125
3 0.2125 0.32890625 0.11484375 0.13515625
1 0.55234375 0.21484375 0.02265625 0.03515625