1 0.41875 0.521875 0.20390625 0.16328125
1 0.92109375 0.56015625 0.15703125 0.178125
1 0.70625 0.4203125 0.15 0.13125
1 0.80390625 0.48125 0.15703125 0.1515625
1 0.64296875 0.86640625 0.26640625 0.26640625
1 0.0703125 0.753125 0.13828125 0.21875
1 0.27578125 0.35390625 0.14375 0.11484375
1 0.44453125 0.20078125 0.07265625 0.06640625
1 0.58125 0.27890625 0.115625 0.10390625
1 0.484375 0.21953125 0.09375 0.071875
1 0.56640625 0.2390625 0.103125 0.090625
1 0.44375 0.7734375 0.2375 0.2484375
1 0.28046875 0.7265625 0.27109375 0.240625
1 0.8328125 0.2109375 0.075 0.090625
1 0.75703125 0.1859375 0.07890625 0.08671875
1 0.6171875 0.165625 0.078125 0.071875