1 0.5621292219935274 0.4582014389264926 0.1295353157455871 0.17325827488562506
1 0.6196087110364789 0.34822572046163136 0.0959046095770768 0.12561955547083342
1 0.7040598031636853 0.2610692529467008 0.08296823295387146 0.10032861474138902
1 0.7501847808425509 0.2170094752112841 0.06372730925276535 0.07176720364722229
1 0.7862898762161683 0.18099858681854103 0.058930715096964015 0.06540810087368061
1 0.4758508027566483 0.44067040644142325 0.1165171185055307 0.14327983415618065
1 0.5463348522701809 0.3593099972471176 0.09708528003177222 0.10378092306201392
1 0.6081978782447632 0.27658710980430506 0.08124209172016936 0.09091724715020835
1 0.6630120633099551 0.23779606031739528 0.06534435633066593 0.07492857123840287
1 0.7193887483751469 0.19896864323930494 0.0652079886359143 0.06711607123840282
1 0.3484349147693571 0.4842775489182289 0.1349671095770768 0.12652874525034735
3 0.46363540056589764 0.32293804578409685 0.2402194456152035 0.25080400626826405
1 0.6020882000794302 0.239995646373437 0.07003185633066593 0.0750376740119445
1 0.44333653733537276 0.3241920744694441 0.08091480925276535 0.07216724715020835
1 0.5057586708584371 0.2735004370266315 0.08406708279171564 0.0738024823325695
1 0.5502802382288772 0.22713327688239535 0.06350912094116268 0.05926720364722229
1 0.5865080645277712 0.19815363848965228 0.05873980032431163 0.05447060087368065
1 0.3613695170428333 0.3745570568020136 0.1015000446422687 0.08826502583555565
1 0.23082862905554213 0.4182369344611804 0.1219761858759707 0.09811280452090294
1 0.3358513198027768 0.3454514382609025 0.08576595048646736 0.08165134992375007
1 0.41709163717321696 0.29822963972392325 0.08417617694751697 0.0800524823325695
2 0.4708791103878557 0.24539427403260375 0.08258640340856652 0.07845361474138901
1 0.5325881777582959 0.1986270703853815 0.06200116801906326 0.06235583605604171
1 0.4826972719140972 0.2060408333031593 0.05550570616851012 0.0481478656913195
1 0.9211654825468344 0.6075766577726034 0.15766903490633127 0.17107883225631965
1 0.665564318991998 0.20491082513503417 0.07628185633066593 0.0751831443766667
1 0.7621464074624612 0.723186740028923 0.2519285129856435 0.20578244699770848
1 0.08400026785361218 0.5138793556233333 0.15229097727182855 0.1347412887533334
1 0.41002262012379304 0.8783171832269094 0.29298988960884886 0.2317280043684029
2 0.382503771910802 0.6898183808902081 0.2566432865245939 0.20745404977125012
1 0.26662580722087514 0.4541374136596179 0.12981595941492108 0.09985714247680555
1 0.7483398628234876 0.1560901590068744 0.06827844155801373 0.06406380642076392