3 0.0941000645888891 0.24640281471501688 0.12107883225631959 0.17196252471457935
1 0.12140940662885447 0.3446028927759066 0.10407186379145843 0.11195085475263547
3 0.33240472406753513 0.5064795157801497 0.5467763485925698 0.554586612698482
3 0.7421486256623966 0.7744284307619967 0.49662826538631977 0.41205160281265024
3 0.3040023946610072 0.2605276872249684 0.21581075721819457 0.21797004448624283
1 0.44499303020395864 0.37129940806176476 0.12467530452090295 0.12527852570316256
1 0.5869824680836115 0.4577887119023668 0.1613401563445141 0.15799286661563344
1 0.766254353626563 0.5670005913324004 0.19800500816812522 0.19070720752810466
3 0.9033653086049653 0.5141727271882248 0.19326938279006925 0.26296420950527094
1 0.6789335787409378 0.44387610912689757 0.15636171561506948 0.14530186562705047
1 0.5158140232701045 0.35668380973492 0.11995143692972228 0.12352502471457942
3 0.4009683136389586 0.26048658346091613 0.21708231648875015 0.2055337114824372
1 0.9380585780753478 0.6577489722453091 0.11722648043270852 0.1405851907221905