3 0.6988892877424099 0.6427307276103045 0.6022214245151802 0.6037291033454734
2 0.06372294967239314 0.431072937584671 0.08682961850553059 0.14504690637700665
3 0.0475058400953163 0.30689845318850334 0.08721144805083536 0.16692190637700666
1 0.9810899074657564 0.6511794719560949 0.037820185068487076 0.1649566146538927
2 0.7968996883083074 0.5350620697629598 0.20721603084255094 0.24502033016686758
1 0.5575274967502939 0.4600742786056727 0.16503643912238158 0.1538287641334941
2 0.4001456448838547 0.3870418130926975 0.12136825973923263 0.15622342378986112
1 0.2755177917995996 0.3570942842598822 0.10805005357072242 0.10869332654882316
3 0.1533740105500115 0.2905917797373264 0.18419554220663673 0.1782489099950512
1 0.0674501473194867 0.28686923620519006 0.06375458279171564 0.07515048620519008
2 0.7426604273512588 0.42372510006611314 0.2047262305182393 0.19181344301173803
1 0.40777118425111764 0.3320234424459111 0.1033625535707225 0.10844766508343388
1 0.12907739407307584 0.24014472241038015 0.05265344155801364 0.06520227611928178
1 0.9794750401780419 0.25438635911122465 0.041049919643916154 0.09916784034363309
1 0.8722819232940691 0.24787300825214204 0.12663641233702022 0.10030097241038013
1 0.726642140826665 0.22150750282507511 0.11391822402541756 0.0871458751693421
1 0.5912949760540125 0.20348676390635156 0.09656708279171564 0.07687011646291486
3 0.4366250669634031 0.15167087912607102 0.19604097727182862 0.14140400723608923
1 0.9582312857138149 0.223593382516973 0.08353742857237023 0.07637879353213642
1 0.8247114480508353 0.20557264359824945 0.11386367694751698 0.08402087516934209
1 0.6705597362002823 0.1834442588179689 0.1044341298696164 0.08040455223856365
1 0.5609392743497292 0.16364965795888628 0.08562958279171565 0.07629690637700656
1 0.3412989301939279 0.14589451266315617 0.05243525324641087 0.05270227611928178
1 0.3135693965087078 0.1670767938708206 0.06331820616851021 0.05015048620519007
1 0.27727734050235336 0.14488088930283632 0.05388865909060954 0.04653416327441153
1 0.23305973620028228 0.1605158553816384 0.05243525324641087 0.05270227611928182
1 0.19907051988550237 0.13609903154634875 0.039826159090609534 0.04579717887824382