1 0.5227756082126765 0.13907435923844078 0.06935217787060921 0.055862680836358834
2 0.47669910425834383 0.11847801634880342 0.08593218281352506 0.07993685079830275
1 0.4185019436879401 0.14496492049341655 0.0966786818249421 0.07569501977166349
2 0.37105394072219056 0.12899241060758482 0.08430601581733085 0.07831068380210837
1 0.32320403114037 0.16058065022746146 0.09042868182494193 0.07544035178688588
1 0.26250661167271766 0.14484822087397742 0.08248884783255325 0.071997016805914
1 0.22683836710992514 0.1691332964634092 0.09173651384016442 0.06925401878308031
1 0.16652294961943914 0.16277586710992514 0.07566584486680368 0.057679848821136394
1 0.06063770555093819 0.1865396778706093 0.06380251482874762 0.07279551285158128
0 0.6745529669196447 0.26537155688071357 0.10235036167271758 0.13832235376405233
1 0.86815705758497 0.7178784274506798 0.26368588483006017 0.28537772037968595
1 0.7108883508354837 0.5062976458160182 0.09600220258518863 0.17394151878308045
1 0.7486854866913082 0.3619865717094612 0.08146485870696818 0.12343218281352523
1 0.7815815583264073 0.30795032912383496 0.07100751977166357 0.0964876808363588
1 0.8222582964634093 0.2534511715191808 0.06593801779449712 0.08692167984777566
1 0.8443906230414242 0.22237492646209667 0.06574701680591417 0.08223417984777566
1 0.8574344511023139 0.19794792942784617 0.054363847832553346 0.07085101087441492
1 0.8294525974126238 0.8699874837255587 0.3288385603035735 0.2600250325488826
1 0.12126879942915872 0.23892719022789902 0.11332235376405224 0.10133168973360736
1 0.3884655000743621 0.8051410751323212 0.27890754448624283 0.2219518903416297
3 0.5749601907221906 0.1373009536109529 0.21258752471457942 0.12565521049385406
1 0.06330633258387611 0.7879920899238878 0.07007637254713259 0.18848417984777566