0 0.66484375 0.25703125 0.075 0.109375
1 0.86875 0.62421875 0.16484375 0.22578125
1 0.71484375 0.5453125 0.08359375 0.1609375
1 0.6984375 0.41875 0.06953125 0.11875
1 0.7171875 0.3296875 0.065625 0.1015625
1 0.75390625 0.2765625 0.05078125 0.08359375
1 0.79453125 0.23515625 0.04921875 0.06640625
1 0.81796875 0.2 0.04140625 0.05703125
1 0.9671875 0.9421875 0.065625 0.115625
1 0.03828125 0.3765625 0.07421875 0.08125
1 0.6125 0.8703125 0.28515625 0.228125
1 0.859375 0.178125 0.06171875 0.05703125
1 0.4109375 0.24140625 0.08046875 0.05703125
3 0.5046875 0.10859375 0.12109375 0.1015625
1 0.271875 0.746875 0.21640625 0.1609375
1 0.65859375 0.17421875 0.06953125 0.0484375
2 0.2234375 0.221875 0.078125 0.0609375