1 0.8907501574972196 0.4280502994509492 0.1648044945971538 0.14869313335454457
1 0.7508917259695409 0.37255318276572275 0.12355786831702922 0.11073860001590834
1 0.5832954313159172 0.28316232407699643 0.09773882096198286 0.09638519867918127
1 0.6047025965644703 0.8477215266947715 0.30083154181102606 0.30455694661045707
2 0.4762039971574025 0.22726576539622437 0.0777147472985769 0.07429202267663593
2 0.2150228444277446 0.3272817573599533 0.08467737884037314 0.11340906667727228
1 0.8411365653473751 0.4743162247771767 0.17059946828879474 0.14095335868872622
2 0.8200699913310334 0.8176351320416799 0.3388467522779003 0.36472973591664015
1 0.5943133152062007 0.6197810767424965 0.18968266823232477 0.20051017202418073
3 0.41112429970353387 0.3162913553866794 0.22615078925077742 0.23684766136218052
1 0.9258168602833473 0.6355997174569943 0.14836627943330533 0.23019767202418073
1 0.6581413258001316 0.5494782147517234 0.1990730787839034 0.1740749413589988
1 0.4135730074689848 0.45216522071927034 0.12832096302712265 0.13889996268299926
2 0.8376383809770989 0.6421304334420405 0.21181527346576168 0.23199652936027154
1 0.9548473312382715 0.8193207367918124 0.09030533752345704 0.18562951201463562
1 0.7812757179358588 0.518901471435359 0.1807935156438411 0.15512494668999893
1 0.6113965864646497 0.40372027207986 0.13513240514873245 0.1218033693507266
1 0.2790097497176513 0.29992037336886196 0.07025085779368574 0.1069954346753633
1 0.3371932470162282 0.3739851293761799 0.08863683674699833 0.10096361067790856
1 0.5129521102127601 0.3354328014003606 0.09221686305535748 0.10881247334499947
1 0.295719836605824 0.2517101400381801 0.061725726251889504 0.06786020934118149