2 0.7093493829603267 0.15085845155992997 0.042410131926869356 0.07278418977951392
2 0.1749723447043698 0.4151314246775346 0.138857100495338 0.19989351006798622
1 0.07793694871436448 0.7497811412425347 0.0992552531003719 0.28793771751493064
1 0.29499590032872225 0.43971123774781234 0.1258091368892682 0.15432643692972228
1 0.4572390351510759 0.3968301406738538 0.11538105913900906 0.16500936379145842
2 0.2019050641014079 0.23775065387597208 0.11003858767505648 0.1508377610179167
1 0.7086495237785363 0.2869596057202425 0.07275260339082212 0.0875376740119445
1 0.5401691974760194 0.2463015041809718 0.05996150496239867 0.08099673328249998
1 0.4431293775836432 0.22822561103857603 0.0690454065339754 0.07496493882958336
1 0.9154132541338292 0.3603568188667701 0.0845633986760923 0.10654224715020835
1 0.8782900514860141 0.5708228466021869 0.13725605913900907 0.1655185100679862
0 0.9789512535146567 0.31486117449010337 0.042097492970686545 0.1356478656913195
1 0.5346554439613628 0.1111270703853815 0.046442660462916764 0.05883079255305561
1 0.7618475299792802 0.858216356670173 0.18820643713693724 0.25410953780340295