2 0.786222665161459 0.43645747342643293 0.13794148801910033 0.15383540818602892
2 0.9029885245099531 0.5443252843714239 0.16058037985173215 0.17685682835784533
1 0.6550669235989794 0.33722767808527426 0.06791667549789597 0.06906426051544959
3 0.577834790203868 0.262738933173657 0.16187006134007814 0.1691262155129752
1 0.7613714873013102 0.3412335046340974 0.06915179328391083 0.05977114767057934
1 0.7578025431990928 0.30895659316870816 0.06457342068857255 0.06265048620519006
1 0.8907488970204736 0.8724093407938589 0.09764387023308566 0.16108134215265543
1 0.8448660335804459 0.32604227385597423 0.055198420688572725 0.06215916327441153
1 0.41891116878965595 0.33111271766068173 0.09507937622353531 0.08764384215265535
1 0.3943700149761244 0.20459780529078136 0.0719494110699257 0.05055992198083885
1 0.26819191697555744 0.36626124434579044 0.11544643992586626 0.0902708751693421
3 0.35051583285480653 0.7984375 0.7010316657096131 0.403125
1 0.9234548250502582 0.31685538161246185 0.06898810217691817 0.05508364767057934
1 0.2554810966498046 0.4164692842598822 0.12536707694917473 0.10638719810012062
1 0.016589755357477594 0.4410720573269463 0.03317951071495519 0.09776911465389268
1 0.07414430581296452 0.6895781563770067 0.14828861162592905 0.20728131275401332