0 0.59296875 0.64609375 0.29375 0.2515625
1 0.86328125 0.1203125 0.04765625 0.04453125
1 0.80234375 0.13515625 0.05703125 0.05390625
1 0.75546875 0.146875 0.05390625 0.0609375
1 0.80078125 0.13203125 0.06328125 0.059375
1 0.62890625 0.1703125 0.07734375 0.06484375
2 0.08515625 0.3984375 0.16875 0.15390625
1 0.11328125 0.465625 0.15546875 0.128125
1 0.64765625 0.14453125 0.06875 0.06484375
3 0.74921875 0.165625 0.28203125 0.1296875
3 0.45234375 0.25390625 0.29453125 0.190625
1 0.50234375 0.1546875 0.07265625 0.04453125
1 0.50078125 0.1859375 0.07421875 0.05703125
1 0.33515625 0.3984375 0.13046875 0.11875
1 0.4734375 0.190625 0.07734375 0.06640625
1 0.12890625 0.53828125 0.18828125 0.16328125
1 0.3375 0.1984375 0.07421875 0.0515625
1 0.3640625 0.221875 0.09453125 0.06875
1 0.38203125 0.17578125 0.07734375 0.0515625
1 0.4828125 0.4140625 0.14921875 0.121875
1 0.24609375 0.18984375 0.08046875 0.0515625
1 0.19921875 0.2140625 0.09453125 0.06484375
1 0.71484375 0.325 0.11640625 0.090625
1 0.596875 0.13046875 0.06875 0.0515625
1 0.765625 0.2546875 0.07890625 0.0796875
1 0.20859375 0.25625 0.08046875 0.078125
1 0.10234375 0.21484375 0.096875 0.05546875
1 0.95390625 0.28984375 0.09140625 0.08671875