1 0.5305871794440706 0.13975363631293494 0.06150406603337348 0.0430443458553869
2 0.4890547766851087 0.1289726452101835 0.06865482473980081 0.06048651384016446
1 0.43285236431520835 0.1601072400769872 0.08074538896415202 0.053183349809719574
2 0.3921421551338112 0.14851316547613858 0.06988977611928178 0.05430018083635883
1 0.345686556988262 0.18704642486767872 0.07630355042954129 0.057679848821136394
1 0.2899278799190405 0.17996343673067683 0.0712066146538926 0.04967634783255326
1 0.25666832259209427 0.20470611015266185 0.07581222749876275 0.04830484882113639
1 0.20193987901452934 0.20771570501946557 0.06767217887824381 0.04173651384016441
1 0.08780213591193434 0.2435497287454617 0.08707727611928182 0.05500051779449713
0 0.6644089015157666 0.2340872736516341 0.07884205223856355 0.1061173488211364
1 0.1343595533702174 0.2923254683653384 0.10080558344622811 0.07894735376405224
1 0.7380721308235516 0.13753592581908086 0.06660100180902226 0.051047846843970034
1 0.720386748079436 0.6683720903438173 0.24996013568479167 0.18792971741393635
1 0.3598177402775199 0.6760479164647217 0.22274253844375372 0.17434737847863174
1 0.0909371019907364 0.6566081442587814 0.1818742039814728 0.1617837114824372
1 0.9236312567858633 0.6429397143366437 0.08623182835784533 0.1578708498097196
1 0.8144156298074989 0.8079837355911819 0.255718812754013 0.17880938539871388
1 0.41358679217739924 0.7954717371112376 0.21411116689245624 0.15840404349765969
3 0.571582998645263 0.8747878695070209 0.760481555856608 0.23056015817330788
1 0.6960053030315331 0.4939596807619967 0.1096626843053107 0.18844968775644108
1 0.7032556382867835 0.3704903472638995 0.08434842378986111 0.12193334980971962
1 0.742673342379798 0.30261975635142857 0.06469766508343397 0.1039818458553869
1 0.767622432723431 0.2579465849066099 0.05951884215265544 0.09441584486680368
1 0.7977094024202778 0.20448866247320802 0.05549308344622794 0.07710101087441493
1 0.819618701945308 0.17319224152268092 0.05524742198083885 0.07241351087441492
1 0.8317845092722541 0.1493090725493202 0.04538109905006031 0.06265650889724857