1 0.959498240728422 0.3921875 0.0810035185431559 0.1625
1 0.7634277375069681 0.29375 0.13029655405833437 0.1046875
1 0.6114470809893058 0.221875 0.10998405405833438 0.1046875
2 0.4994283491396783 0.1703125 0.08958974082661779 0.090625
1 0.41566642749670535 0.14140625 0.06758747579950324 0.06875
1 0.3522170058537325 0.1125 0.055023843285945874 0.0578125
1 0.7732118036655509 0.3640625 0.16171018052176755 0.1328125
2 0.7958696163080923 0.7671875 0.33507599941082483 0.3890625
1 0.5524821889095828 0.5609375 0.19336924668035033 0.203125
3 0.3631141201187213 0.23984375 0.2217487767345796 0.246875
1 0.9239334454506863 0.553125 0.15213310909862726 0.228125
1 0.6215543757760621 0.48203125 0.19948289129415606 0.1796875
1 0.3899180355151783 0.415625 0.1399533551898026 0.153125
2 0.8181435503459011 0.5671875 0.21547150565734086 0.2421875
1 0.9465735982559156 0.75390625 0.09175220452587282 0.19375
1 0.7635237071581512 0.44453125 0.18374880698520074 0.1609375
1 0.6082771500747548 0.3484375 0.14605790944452862 0.128125
1 0.24999195140261463 0.2671875 0.08661927693097135 0.1171875
1 0.31289647238165763 0.33671875 0.09600336729005096 0.11875
1 0.4741743399662962 0.2609375 0.08661018657189175 0.115625
1 0.25663686114173084 0.20078125 0.04727497579950324 0.06875
1 0.21508062021691718 0.175 0.051944295081343926 0.065625
1 0.1596755027304745 0.1859375 0.05666815651766242 0.071875