1 0.34140625 0.73125 0.16953125 0.28515625
1 0.0875 0.29140625 0.0625 0.09453125
1 0.85703125 0.73828125 0.21484375 0.3015625
1 0.37421875 0.31484375 0.08984375 0.1109375
1 0.0875 0.12890625 0.04375 0.0609375
1 0.41796875 0.175 0.06328125 0.059375
1 0.5 0.14921875 0.065625 0.071875
1 0.33359375 0.10390625 0.04140625 0.05
1 0.40390625 0.0703125 0.03984375 0.0390625
1 0.39921875 0.0984375 0.04921875 0.04609375
1 0.32265625 0.06640625 0.03828125 0.040625
1 0.18359375 0.0515625 0.03046875 0.03671875
1 0.23828125 0.0359375 0.02734375 0.03515625
1 0.853125 0.28515625 0.1 0.09453125
1 0.93828125 0.4609375 0.12265625 0.11875