1 0.1171413036621364 0.9311160543348936 0.2342826073242728 0.13620539133021267
1 0.5332979960755677 0.9054131284042695 0.32373721463952715 0.1535494002274614
1 0.8509756476471443 0.8987068946787108 0.21697779238978612 0.13828254448624264
0 0.5449226625343405 0.6725687949061723 0.32552665467194847 0.29242089923887826
1 0.2349592351128038 0.22903494809938332 0.08884848428423435 0.0660016847906915
1 0.3805970667920042 0.24961275045711054 0.10563787799792798 0.09163835475263546
0 0.6196959540955571 0.23909045003936863 0.15843754631872747 0.12030186562705039
1 0.41404742163056846 0.21783882703512553 0.09426373035529281 0.08181768577927473
1 0.26762833995136803 0.1972928581754955 0.0854323858558109 0.05962435079830275
1 0.5548565122011091 0.17467246437382467 0.08572348428423418 0.06587435079830276
1 0.6669369811838625 0.1958378571497313 0.11032537799792799 0.09182935574121864
2 0.8206955279168747 0.22622174102838938 0.15422523531769167 0.1637971976422728
1 0.9584116976854163 0.24946162836708846 0.05937930810555194 0.06947951186299814
1 0.9593170721686878 0.29699054437469974 0.05349318114108144 0.07703734387822055
1 0.28635476116765174 0.2807446867306768 0.09866013192686944 0.07575868676785787
1 0.7267763999189467 0.3173825933095668 0.14884422249741008 0.11523236364988403