1 0.04453125 0.94140625 0.0875 0.11640625
1 0.09765625 0.78125 0.13515625 0.2109375
1 0.17734375 0.64921875 0.078125 0.1515625
1 0.590625 0.90234375 0.121875 0.1953125
1 0.42890625 0.85 0.10078125 0.23125
1 0.21875 0.896875 0.146875 0.20546875
1 0.43671875 0.646875 0.08828125 0.159375
1 0.58203125 0.73984375 0.09609375 0.18359375
1 0.2375 0.51640625 0.08828125 0.140625
1 0.09296875 0.41875 0.08671875 0.09453125
2 0.0984375 0.34453125 0.08125 0.12421875
1 0.35390625 0.50078125 0.075 0.13125
1 0.20703125 0.2796875 0.05 0.06484375
0 0.91015625 0.340625 0.06328125 0.09609375
1 0.7875 0.39921875 0.08828125 0.08671875