3 0.638844178956457 0.5137118882958339 0.7118354112395616 0.712876740119445
0 0.22250490554281205 0.4125409400638544 0.25567960344286267 0.3025847118153475
1 0.10193694519852578 0.4394463193385418 0.126403787293461 0.13252417211208342
1 0.03585811052962072 0.4189506749618751 0.07171622105924144 0.11290134992375016
1 0.8536978857573642 0.2497442265360771 0.200243080577372 0.19044708130638907
1 0.6105108809480407 0.2503390661075005 0.1947371250424091 0.16690047853284734
1 0.8810714068087565 0.182357357994966 0.11288692431676957 0.14782186379145842
3 0.35998509129232703 0.21479638392743086 0.33276789309857635 0.2747155913743753
3 0.5926909530878921 0.156098103626563 0.4021180938242157 0.29350326538631977
1 0.1837747661572508 0.26777264751079877 0.09061013103285878 0.09109908510611113
3 0.2245113827621393 0.1983511534947224 0.23801589908902612 0.1991324034947224
1 0.1131894476455965 0.2739486059076737 0.09050100362819706 0.08797408510611122
3 0.07168153784161521 0.21735246058107646 0.14336307568323042 0.14407992116215293
2 0.7669915155242786 0.40410311179468816 0.27728178493120836 0.2952813580918752
1 0.509069888119617 0.40122745924989633 0.21307046279135697 0.20011302203583342
2 0.33348953476157234 0.3689929214464933 0.1655406983633867 0.18027199430041688
1 0.20021324329176005 0.379182926196146 0.14062997840045358 0.13753898043270843
3 0.09054809972984752 0.3436064892664237 0.18109619945969505 0.23096297853284736