0 0.58515625 0.653125 0.27890625 0.25
1 0.36875 0.20703125 0.07109375 0.059375
1 0.96953125 0.278125 0.06015625 0.06875
1 0.971875 0.31953125 0.05625 0.0796875
2 0.325 0.2234375 0.08984375 0.0796875
1 0.46640625 0.228125 0.103125 0.071875
1 0.82265625 0.24609375 0.1125 0.0890625
1 0.42890625 0.25 0.09609375 0.071875
1 0.6875 0.21171875 0.10625 0.0890625
1 0.57421875 0.28828125 0.11171875 0.090625
1 0.58203125 0.18671875 0.08125 0.06484375
1 0.58515625 0.246875 0.103125 0.0796875
0 0.734375 0.2703125 0.153125 0.121875
2 0.77109375 0.221875 0.12734375 0.13359375