1 0.3502999795796871 0.4591311229473917 0.1049083183886113 0.14434087334017515
1 0.572052918693611 0.19710434250037895 0.06893314437666671 0.07539088544042354
2 0.20264242315892317 0.5254686743734475 0.1197709053945835 0.17879768657189174
1 0.48362750474965266 0.1356441468533009 0.040226262917777686 0.05022725897699045
2 0.4934557932186457 0.18336402936685822 0.08190592306201391 0.09577610831306052
1 0.5673270914712845 0.2994344569617595 0.11188436379145834 0.10844882513557322
1 0.4437097131465276 0.2057339330558503 0.07231271751493047 0.08634656615858276
1 0.05669223694005195 0.3769170240041051 0.1133844738801039 0.15850336729005096
1 0.17966278410059 0.3378095930895541 0.11417421561506957 0.13970791549465283
1 0.43451851073357634 0.09707200536275315 0.040226262917777866 0.05022725897699045
1 0.4429115857717013 0.13931404751723087 0.04349673328249999 0.056495439695149675
1 0.47706903343499996 0.11529074023744265 0.03546602773541672 0.04707498789975162
1 0.5275775265011458 0.12730492690753023 0.046585365691319505 0.05495112041330889
1 0.05195405176802048 0.881609069183645 0.10390810353604096 0.08509313836729007