1 0.04453125 0.934375 0.0875 0.13125
1 0.09765625 0.76953125 0.13671875 0.20703125
1 0.17734375 0.63515625 0.08046875 0.15546875
1 0.58984375 0.89453125 0.125 0.2109375
1 0.428125 0.83203125 0.10234375 0.2296875
1 0.21875 0.88984375 0.14375 0.2203125
1 0.4359375 0.63203125 0.08984375 0.16328125
1 0.58125 0.71875 0.09375 0.18515625
1 0.23671875 0.5046875 0.08984375 0.140625
3 0.04765625 0.60625 0.09375 0.321875
3 0.17109375 0.328125 0.16796875 0.21484375
1 0.26015625 0.25390625 0.02890625 0.05390625