1 0.67265625 0.31875 0.08515625 0.11640625
1 0.08671875 0.72578125 0.17109375 0.23515625
1 0.8203125 0.24296875 0.065625 0.1109375
1 0.0265625 0.48125 0.05078125 0.1109375
1 0.25625 0.33359375 0.13203125 0.1109375
1 0.85234375 0.30390625 0.10390625 0.10703125
1 0.27890625 0.3984375 0.13671875 0.13125
1 0.9125 0.3515625 0.12109375 0.14296875
1 0.528125 0.2609375 0.10546875 0.0984375
1 0.51171875 0.56015625 0.2125 0.17578125
1 0.86640625 0.55390625 0.17421875 0.18671875
1 0.44375 0.7765625 0.28359375 0.27421875
1 0.70703125 0.18125 0.08203125 0.0703125
3 0.69140625 0.11640625 0.18515625 0.15390625