1 0.5384694170824545 0.462366106269957 0.14045383374611511 0.16483518052176754
1 0.6290816085626179 0.37826784134103825 0.10276974317557439 0.12712610226293633
1 0.7409673325077699 0.323725266205465 0.08895980024766903 0.09892837939029935
1 0.7992721381321225 0.296049718099059 0.06726458271265763 0.06912270472226431
1 0.8479836199351574 0.2731162121471306 0.06235875889134022 0.06440793364502548
1 0.4623821060814185 0.4190706242239379 0.12857026385373888 0.1444590480082102
1 0.5600961681159118 0.3669536123200813 0.10145980024766903 0.09900110226293632
1 0.6447109166681697 0.3110076184684013 0.08717897642635145 0.09423178903121973
1 0.7113547611676518 0.2887508233870574 0.06911818114108108 0.07538179508134402
1 0.7754001445422632 0.27197641384433285 0.07060790653397539 0.07382838544042354
1 0.33180419417075974 0.422173419207086 0.1484461162111037 0.1352022226762452
3 0.4934759024001461 0.30485813329912426 0.2572475355653607 0.25767718637549997
1 0.6544155564529219 0.2703371666730033 0.0739512303552928 0.07853406615858276
1 0.47661588813212247 0.297926877249 0.0831079065339754 0.07390110831306052
1 0.5480563945422633 0.27329906109041724 0.0877954065339754 0.07392837939029935
1 0.6082875732021451 0.23780192262493155 0.0733690334984459 0.06603406615858276
1 0.654109495451886 0.22660080221162265 0.062285984284234173 0.06284543364502548
1 0.3788312055432993 0.31802172951193636 0.10265842721213972 0.09119769262201594
1 0.2429664801504051 0.31725009075186306 0.12609592721213972 0.09133404800821018
1 0.36845878577475755 0.2891836572050335 0.09157537799792799 0.08800906010845858
1 0.4711492921848984 0.2643740338648583 0.07991013192686935 0.07232042759490129
2 0.5367036716305684 0.231970079142594 0.08169095574818694 0.0770170179539809
1 0.6094519669158387 0.21280192262493158 0.0686815334984459 0.06600679508134392
1 0.553638614558474 0.2037541755517978 0.07166098428423417 0.06289997579950324
1 0.8188845473566941 0.7301929139425287 0.23322353060296203 0.17787151170746504
1 0.7262370525239806 0.25429855533488066 0.07834763192686936 0.07231133723582168
1 0.5119795758927415 0.7460371243221339 0.2527012766740205 0.19360559601642038
1 0.07433641232494355 0.36591082543016085 0.1486728246498871 0.1399624455488822
1 0.1797813519475893 0.8018614400879333 0.30906259263745517 0.2298612585842072
2 0.1993790301931863 0.6158603075743758 0.27268844499482003 0.22027718032537572
1 0.22528452047327666 0.3782739491631194 0.1409589478903041 0.10860336123992669
1 0.8346681366843803 0.24039007055838696 0.07366013192686935 0.07228406615858277