1 0.6996378683341691 0.24464925971540047 0.04146330290255769 0.0705693651776464
1 0.636964253543379 0.26911841273471915 0.04437004809323426 0.06446491439185813
1 0.7652083046318381 0.24926829321384644 0.04269842068857237 0.06126713978475227
1 0.803196888752589 0.30424904569504585 0.053908739200226916 0.0695890620344933
1 0.7626586795894292 0.4119138424280582 0.0687896947351895 0.09368153349844607
1 0.4914781387525891 0.2897305115774273 0.04302580290255768 0.07064213978475227
2 0.7123808826773212 0.5519908788219883 0.0933928798517325 0.172825377997928
1 0.3800793364830036 0.23054810256225267 0.04297123920022674 0.06907963978475226
1 0.33751981425048505 0.21682805086684157 0.03623016587924912 0.0547260413563289
2 0.44644094646447013 0.21251088606069865 0.03861112141421188 0.07823631596343468
1 0.9611904049098399 0.5753171786553726 0.045099223591130055 0.13001713978475227