2 0.644320462791357 0.22872245929293875 0.0614682680561673 0.10771732473980081
1 0.7059028035355299 0.22805075192056395 0.04302580290255768 0.07087906603337357
1 0.20250508437520492 0.9238402917231141 0.19608137023308556 0.1523194165537717
1 0.43744802484922535 0.825360684643995 0.16648812867060608 0.25670810266810484
1 0.1076241155933982 0.8041762449116174 0.11904764427970274 0.1933958751693421
1 0.2560590932760616 0.499247484734852 0.11363096878180681 0.12760710085908258
1 0.7800620445498552 0.34189192390140277 0.07838294954451293 0.10080558344622811
1 0.4152108600662846 0.36722063602347593 0.08114585099579194 0.13526247060135788
1 0.36098466233587007 0.3105711663266293 0.05736112141421188 0.07942855042954129
1 0.5010739489963589 0.3249313167107421 0.06393850362819702 0.08913109905006031
1 0.8936706767638402 0.3572037426483098 0.0764385036281972 0.08978619629109837
1 0.7897644598809501 0.5974016174789677 0.11817462504240908 0.1683958751693421
1 0.949491601628764 0.30320231738811065 0.07654763103285873 0.09291119629109837
1 0.4451761238612827 0.2650749598587656 0.046150802902557686 0.07104284034363299
1 0.9442621818472408 0.5606053816124619 0.11147563630551857 0.16559842378986112
1 0.3440129279449667 0.24885573835289665 0.04754961179556503 0.06643722749876284