1 0.5953125 0.14609375 0.053125 0.040625
2 0.57265625 0.125 0.05546875 0.0515625
1 0.47421875 0.17109375 0.071875 0.05546875
2 0.40078125 0.16953125 0.06640625 0.05
1 0.3484375 0.20390625 0.07421875 0.059375
1 0.29296875 0.196875 0.06796875 0.05546875
1 0.26171875 0.2234375 0.075 0.0515625
1 0.2078125 0.22421875 0.0625 0.04453125
1 0.1109375 0.25859375 0.08046875 0.05546875
0 0.66640625 0.25859375 0.07265625 0.11484375
1 0.8140625 0.60625 0.16953125 0.2015625
1 0.71875 0.44609375 0.06015625 0.1484375
1 0.73359375 0.33515625 0.06640625 0.090625
1 0.78046875 0.253125 0.053125 0.0703125
1 0.80078125 0.19921875 0.05390625 0.059375
1 0.828125 0.17578125 0.040625 0.059375
1 0.91015625 0.83984375 0.17890625 0.190625
3 0.16796875 0.26484375 0.23359375 0.16875
1 0.37265625 0.775 0.23671875 0.17578125
1 0.496875 0.2015625 0.07265625 0.0484375
1 0.0375 0.9328125 0.075 0.134375