0 0.66796875 0.2859375 0.071875 0.11484375
1 0.47109375 0.8 0.18359375 0.2609375
1 0.39765625 0.39296875 0.04765625 0.09609375
1 0.903125 0.88515625 0.19375 0.2296875
1 0.32578125 0.48984375 0.07109375 0.12578125
1 0.7640625 0.66953125 0.18828125 0.18515625
1 0.3625 0.303125 0.03984375 0.08359375
3 0.30234375 0.278125 0.09765625 0.2015625
3 0.24765625 0.2390625 0.11640625 0.16875
3 0.27890625 0.16875 0.07421875 0.06875
1 0.50234375 0.4609375 0.08671875 0.16328125
1 0.41015625 0.25625 0.034375 0.06484375
1 0.46484375 0.26015625 0.03515625 0.05546875
1 0.4703125 0.21171875 0.03203125 0.05390625
1 0.43203125 0.196875 0.03203125 0.0484375
3 0.365625 0.1734375 0.05546875 0.10703125
3 0.16953125 0.246875 0.1375 0.13671875
1 0.1703125 0.3453125 0.065625 0.06484375
1 0.42578125 0.3140625 0.040625 0.07421875
1 0.46015625 0.16875 0.02734375 0.03359375
1 0.490625 0.17421875 0.03046875 0.05
1 0.40234375 0.15859375 0.02421875 0.03515625
1 0.06015625 0.334375 0.075 0.05703125
3 0.09765625 0.4890625 0.19296875 0.37421875