1 0.4064474541432106 0.547563233264514 0.06216480925276535 0.07350609905006031
1 0.45591166599376365 0.5360801786511011 0.060656856330665934 0.07654921189493073
1 0.3569053758157218 0.6083059814554918 0.06567163879807011 0.09554487336031983
1 0.4352252447282895 0.6460350327895441 0.08305005357072251 0.10738313206674714
3 0.34182052354554093 0.9672018673674259 0.24042617694751697 0.0655962652651482
3 0.3446978819048018 0.8000243334462281 0.4243058936660387 0.39995133310754377
1 0.6083394164008007 0.7184467005865114 0.08814665665497756 0.13106629353213642
1 0.5878241392084025 0.59460308683713 0.06254663879807013 0.09538109905006031
1 0.42380254951682794 0.5836611855485062 0.0652352621748646 0.07054487336031982
1 0.598290080766416 0.5325944097679086 0.04955571509696401 0.06660100180902226
3 0.5004974630716643 0.5352889625722991 0.12323076866768634 0.17349281094499086
1 0.6544543060096497 0.49565765377501486 0.04651253571381488 0.07112472749876275
1 0.6120310267886565 0.4621557570089466 0.04462275324641087 0.05229284034363317
1 0.6443213754086847 0.44899069368910655 0.039907979707460586 0.050484678878243726