1 0.6358257988476617 0.39272744460216125 0.16130042740790582 0.22173703163466155
1 0.5489166983272632 0.28089063087572747 0.12397748982323478 0.16408635771838495
2 0.5523869363414756 0.17004863137001908 0.10489994120271576 0.1570723537640523
1 0.4857726464273838 0.1618488122063779 0.08196705223856356 0.1062446828135252
1 0.8659426667809145 0.46442739517300247 0.23437715852471327 0.36659854547482595
1 0.5216525927184822 0.08710613878439287 0.07489818068726599 0.09036501482874762
2 0.6498285023748492 0.12553994460216117 0.10794305404758582 0.1556371877564411
1 0.5930705693127338 0.06314737395564525 0.07711577792830404 0.10292868182494201
1 0.5715983610358479 0.031858859164078684 0.06157930913596843 0.06371771832815737
1 0.4912491197422752 0.02329428406893847 0.05500176051544958 0.04658856813787694
1 0.7868924903890615 0.026094337415248848 0.0793400192218769 0.052188674830497696
1 0.8362573253056278 0.10858857205502859 0.12620173111680727 0.14702619171077375
1 0.8809390615108178 0.05116928602751429 0.08870837516934209 0.10233857205502858
2 0.4588017899140917 0.0018967865403964085 0.032396420171816584 0.003793573080792817
3 0.4373020104039079 0.5660879846397797 0.4272971573930594 0.7751644150562089