1 0.04852532666830556 0.8897217295460289 0.047767561757624775 0.08569345909205772
1 0.8592088301000249 0.2607381701626726 0.05347199247815269 0.06712531551854842
1 0.7286551635652619 0.307677703153056 0.06808006175762475 0.08628449247815259
1 0.2964708008705651 0.343498913565262 0.10230194906292792 0.13567673871722893
1 0.4566892353520166 0.2966419486007095 0.07147784639736088 0.09575042069139794
1 0.5275700366848002 0.3182190833987302 0.0746937746106063 0.09896634890464337
1 0.8605369640401157 0.49417279578949314 0.1020746285298145 0.12786423871722885
1 0.753528446093427 0.49183975448583955 0.10252926959604132 0.14348923871722902
1 0.9556644613682309 0.4423268024534107 0.08867107726353822 0.10723348997087019
1 0.9675249580362723 0.3342558896795716 0.06495008392745553 0.08485838479802066
1 0.7569275453937817 0.7159675762725941 0.1481432979675711 0.20882473370266402
2 0.4682739415410805 0.2118948755603136 0.06500052586424747 0.08775606426490726
2 0.3827623388755135 0.17037731380268883 0.055534597651002035 0.08435827962517117
1 0.4503362837818063 0.18561352038746412 0.04864810015828454 0.06230142319868044
1 0.9321127841775176 0.7788947882676458 0.13577443164496472 0.20859741316955044
1 0.5788477286880991 0.20262282713052399 0.04892088479802066 0.07167642319868044