1 0.9034736442796774 0.43388458463433954 0.1530917797373263 0.15181968597979179
1 0.736095793759279 0.32229638725538134 0.1476672953411587 0.13764808320625016
2 0.6088992079382016 0.24800751491454806 0.12160276232447184 0.11675370174736122
1 0.4948643634106971 0.19057883425308986 0.08361808344622812 0.07685474715020843
1 0.43260338082355165 0.15769490549149268 0.06741987336031982 0.06555357123840286
1 0.5109120872914154 0.24170492315892317 0.0965275192218769 0.08495818787965286
2 0.7239068164876589 0.7930991965259369 0.37762919154139996 0.3864531783803475
1 0.5192137516974806 0.5895241741088537 0.21417976594251656 0.21566528685347244
3 0.3897397721625529 0.26091147767982603 0.24796826775153882 0.2648301386770836
1 0.8990340485089774 0.6228197980652076 0.1404966044771271 0.20926851006798622
1 0.6004061979885791 0.5142864783454162 0.2143501843053109 0.18913915444465293
1 0.3844337172104558 0.43660180870187465 0.15514560266810484 0.16123105357097245
2 0.7777322585948856 0.614718970177291 0.24427005766563054 0.25381990349472244
1 0.8684823320914911 0.803779510546145 0.10818207146044045 0.18822865824437507
1 0.745138843850136 0.49219065995680483 0.19914126413349428 0.16693684612402784
1 0.6109043639765239 0.38841430936746474 0.15704229534115868 0.13786628875333343
1 0.27485840061125544 0.27919131183600665 0.0951221494796016 0.1176979526972918
1 0.3256562607425922 0.3521371961446872 0.1091846494796016 0.1180252610179168
1 0.5075137703535306 0.3065486731589232 0.11436347241038014 0.12750936379145844
1 0.29211449966131575 0.21792650351538168 0.05837242198083885 0.0715853656913195
1 0.25464879918634586 0.18836694329489562 0.05820864767057934 0.0684603656913195
1 0.23105749095488845 0.23651415577583315 0.06519563206674714 0.08266833605604171