3 0.4578125 0.18635658521705925 0.1703125 0.1746974435540633
1 0.41640625 0.519833773328827 0.1546875 0.18196430653075488
1 0.51640625 0.3655604463796521 0.109375 0.12100695916315996
1 0.36328125 0.299032689208076 0.0828125 0.0841418762235353
1 0.29609375 0.3662226784083028 0.1109375 0.10387402286549072
1 0.3 0.5684300191524757 0.16875 0.1793303798517325
1 0.5484375 0.17616064048186958 0.0609375 0.0724404843909034
1 0.19921875 0.4586681279528159 0.134375 0.12187997840045348
1 0.0796875 0.5581547511811265 0.159375 0.14306549763774717
1 0.51328125 0.26645082378431384 0.0859375 0.08893850362819711
2 0.50390625 0.208965705998299 0.0875 0.09524306733052787
1 0.41015625 0.8216145281381504 0.2515625 0.3181597560752678
1 0.54765625 0.47228167233303503 0.1296875 0.162341287293461
2 0.45546875 0.25596968077055554 0.0796875 0.09028274881887359
1 0.5671875 0.27941212605389937 0.0859375 0.09675100362819702
1 0.6859375 0.2565152846767543 0.075 0.11355655771188111
2 0.615625 0.1894394012816428 0.1234375 0.14181053248413758
1 0.89296875 0.612566844117916 0.2140625 0.24810022721932726
1 0.69296875 0.14455099801626545 0.071875 0.0681349303072194
1 0.71171875 0.17358373358829518 0.08125 0.08408731252120454
1 0.36484375 0.35366562550574515 0.096875 0.09400794954451311
1 0.76953125 0.12078362660205351 0.0609375 0.07087798439090336
1 0.61484375 0.16290418313280824 0.0609375 0.06775298439090341