1 0.7071234110820892 0.31600206452447577 0.12195639081820957 0.13795574188232518
1 0.161716943337681 0.8240296095770769 0.20561226095825474 0.25806941882984236
1 0.8463785020669146 0.20524361687738227 0.08997864474715093 0.12178527110331831
1 0.2715883254739474 0.3505529736183806 0.14673806699689199 0.13370461850553061
1 0.9483391083532208 0.18204367044810466 0.05316784946188093 0.10240797970746054
1 0.13153486786373358 0.47769039772652383 0.21261993217453848 0.17388533360249453
1 0.14260295450533272 0.5309654021907507 0.24212764970954975 0.20406375730360066
1 0.813212899295265 0.3646907548646734 0.17766273531769167 0.1607853157455871
1 0.41824930975818175 0.41556213920181184 0.20509853060296185 0.17999896590774292
1 0.5051392260120666 0.2531496883083074 0.13529114474715093 0.12257620373287823
1 0.3950793294028888 0.3370962199649326 0.17163105913900925 0.16536372158978577
1 0.8963379224546287 0.4231265921206159 0.18947353060296165 0.1797262305182395
1 0.5917725086819432 0.6215508607915975 0.26284256410140794 0.24657853977100466
1 0.9532834735308672 0.5406919675260053 0.0934330529382656 0.23165119480442442
1 0.6476713283694316 0.24627021712226355 0.13529114474715093 0.12257620373287823
1 0.6406379243166557 0.21258100973593735 0.1173758986760923 0.1066511948044245
1 0.3453556968523377 0.9579858238632619 0.38681510339082215 0.08402835227347616
1 0.6249914995857152 0.16156793465485947 0.10629284946188058 0.10333528003177209
1 0.78549235194308 0.15500210916674448 0.10763702564056317 0.09867505357072241